10000
99986084
99973712
99956173
99938036
99935860
99922414
99899440
99894032
99886229
99882798
99872247
99864824
99841527
99839574
99832502
99803577
99798783
99789647
99781252
99774715
99726015
99718402
99713305
99693669
99673266
99670091
99657512
99655566
99633577
99628914
99598194
99576819
99574299
99562338
99538369
99528969
99516593
99515081
99512062
99510772
99478668
99471464
99469706
99463237
99459630
99453114
99418828
99417545
99407844
99398853
99388362
99355806
99327267
99317020
99310633
99296595
99272523
99267639
99258708
99244626
99241515
99236078
99223278
99217990
99205321
99184220
99156053
99133890
99126707
99125408
99113240
99110272
99100400
99098399
99085745
99069492
99067684
99063756
99062325
99053191
99032185
99030833
99029507
98993983
98973581
98965106
98929990
98910207
98894212
98891379
98873899
98872337
98871614
98867686
98861268
98826817
98819492
98815636
98796607
98795548
98784022
98782683
98780036
98760475
98751800
98750069
98749286
98684740
98679337
98663653
98662452
98662318
98633246
98607927
98606004
98561173
98556609
98543498
98528954
98527952
98505128
98503808
98499050
98484690
98482061
98476611
98467118
98465990
98456943
98448732
98440704
98440671
98439856
98426349
98408629
98403654
98394740
98387624
98362314
98354858
98346646
98340525
98325613
98314080
98310896
98308641
98293829
98290970
98277476
98276719
98255321
98251253
98243634
98243467
98237401
98224540
98216539
98213301
98183731
98180050
98179978
98164732
98162038
98154053
98146190
98145807
98136099
98131960
98129067
98092806
98086827
98085428
98080566
98073832
98071657
98067977
98063929
98059772
98050145
98048332
98042451
98036360
98036346
98000194
97985963
97961392
97953896
97951925
97939977
97936310
97933189
97931893
97919838
97918438
97911665
97907258
97900727
97900375
97896870
97891179
97886809
97876363
97874535
97870808
97844813
97816919
97811674
97806223
97797312
97795165
97791760
97744756
97728115
97721145
97719401
97716037
97705765
97699513
97692188
97689212
97679599
97669440
97666274
97661789
97655072
97647531
97643832
97635838
97630037
97628860
97605990
97602464
97590099
97589728
97582847
97566641
97549777
97538322
97516541
97515370
97502239
97494979
97477323
97476829
97470183
97463413
97444726
97444686
97417567
97416455
97405944
97388656
97380362
97336171
97330229
97324969
97317834
97313769
97313194
97298573
97298090
97291242
97288515
97273766
97270575
97266554
97252213
97238283
97235076
97219845
97218438
97211516
97207161
97202323
97197457
97189525
97188354
97187433
97187288
97174778
97172274
97166868
97163688
97158307
97140819
97127303
97123998
97099353
97089399
97072228
97059615
97051628
97048724
97024800
97024300
97017418
97006879
97000635
96990302
96989389
96981445
96959913
96956587
96954345
96953835
96953253
96949360
96931456
96913694
96912575
96904444
96887229
96885980
96848921
96846419
96835358
96823053
96807127
96802265
96798532
96787838
96777303
96773235
96769837
96729114
96726471
96714227
96703998
96694045
96688583
96674789
96668465
96657924
96653335
96638714
96636717
96635559
96634480
96621900
96609877
96607713
96587849
96586260
96586055
96579861
96579021
96554710
96524057
96510829
96500258
96498027
96497592
96492003
96488104
96487557
96486620
96481653
96480297
96428163
96426836
96415729
96399555
96392234
96370634
96367201
96357169
96315682
96309199
96305760
96304839
96292232
96286713
96278697
96276614
96271941
96260772
96256666
96254858
96241365
96226815
96205767
96197401
96193420
96188407
96183655
96172087
96160722
96157810
96156306
96137537
96119701
96113884
96105007
96085938
96077208
96059363
96058373
96046190
96045827
96044050
96019027
95994985
95969434
95967538
95943433
95924518
95902035
95892995
95857407
95857151
95845959
95843587
95832442
95820403
95800507
95793025
95792088
95767837
95766027
95744872
95729803
95709139
95690909
95670332
95668214
95654895
95652794
95630072
95629079
95625213
95615533
95613443
95611967
95604183
95594266
95589030
95581303
95580508
95579655
95576172
95561751
95519403
95516165
95483094
95470207
95463069
95441357
95426572
95390330
95380637
95373866
95370527
95362880
95358871
95355543
95351883
95335542
95322683
95321589
95316969
95316596
95314470
95314071
95288591
95287042
95272741
95254159
95253457
95245071
95241578
95215930
95213059
95201128
95191698
95190765
95151252
95142057
95140548
95121234
95116827
95113472
95113239
95098978
95089787
95084869
95079387
95078826
95070444
95065712
95058728
95034346
95004522
94999207
94993504
94954915
94934921
94920790
94916403
94913800
94907137
94894578
94882823
94870616
94853973
94851072
94838368
94834922
94830843
94828167
94807362
94785416
94775639
94774284
94771593
94769776
94767401
94761098
94741533
94717358
94714527
94714283
94709382
94685083
94664412
94661111
94648484
94641545
94634889
94626948
94617140
94598419
94582076
94578116
94568366
94560571
94537536
94535041
94533915
94502660
94502272
94499143
94482659
94478228
94469038
94460957
94458855
94449296
94425970
94425206
94424921
94422651
94393345
94384337
94373663
94352363
94341142
94336093
94317675
94314059
94289291
94280737
94279407
94268815
94255840
94240241
94236440
94234583
94206361
94205218
94196233
94192063
94168334
94168149
94163677
94155404
94150104
94128392
94120190
94119130
94118569
94104818
94081172
94078254
94070989
94068003
94066089
94065443
94049835
94049754
94035571
94025608
94002891
94002600
94000824
94000299
93981967
93977390
93962856
93938256
93931638
93930921
93922423
93917290
93904278
93887234
93879783
93869585
93863244
93854084
93849786
93849519
93845224
93843981
93839913
93839890
93838833
93828978
93817351
93812379
93810216
93799936
93799780
93797417
93792093
93778907
93771801
93767886
93766719
93765962
93752155
93724795
93711847
93694999
93692824
93692441
93684524
93670476
93650496
93646170
93644753
93638358
93622246
93619399
93617291
93615016
93610974
93600599
93578767
93552699
93540389
93535404
93525538
93466739
93454849
93453328
93444273
93433867
93429482
93426054
93408255
93408096
93401787
93400002
93385454
93373649
93372044
93356416
93319330
93314268
93311049
93307105
93300493
93272158
93270193
93257355
93257009
93249613
93240113
93233733
93227627
93191347
93183013
93175454
93160039
93153205
93135760
93104702
93100850
93095885
93088199
93084353
93084293
93075124
93068532
93055544
93053812
93032226
93024073
93014699
93011357
93005061
92998179
92994593
92990039
92965436
92943366
92932650
92909107
92901537
92895911
92884446
92880945
92858583
92846261
92816117
92805853
92804442
92800428
92798428
92796683
92790427
92782229
92774208
92740122
92726264
92724759
92714074
92688667
92680202
92679730
92673147
92666346
92664996
92645208
92615118
92606253
92604674
92603486
92599144
92578220
92572568
92548094
92545546
92522344
92511100
92500079
92491255
92488661
92482807
92477821
92475415
92467595
92462146
92448212
92428563
92384762
92367297
92347544
92345170
92341924
92332925
92316990
92297463
92290982
92277404
92268901
92248670
92242574
92239157
92235833
92203591
92177257
92176179
92155529
92155069
92124184
92115170
92082789
92073713
92050471
92040726
92014037
92009585
91985011
91978727
91962686
91931395
91925548
91887565
91879857
91849250
91836936
91813090
91784349
91740241
91733479
91718052
91716064
91707458
91701397
91700093
91688416
91686059
91684340
91680340
91669297
91661213
91608350
91603953
91572807
91559238
91558014
91555546
91547245
91541103
91540141
91538229
91538035
91515590
91484905
91455158
91454466
91437285
91432387
91427521
91408627
91404249
91398812
91393855
91392617
91387733
91373724
91364344
91351459
91349759
91315504
91311464
91285165
91278413
91264940
91221638
91215478
91215127
91211805
91196917
91196292
91190806
91189037
91174175
91174086
91173366
91171202
91164000
91117611
91105458
91087384
91087259
91085852
91067709
91058274
91057510
91047774
91013599
91010541
90993405
90988384
90958514
90948461
90946125
90942473
90935055
90929823
90922291
90918209
90917014
90895041
90883270
90877068
90876838
90856664
90853897
90853325
90845985
90844859
90832574
90816923
90804131
90772566
90772021
90745519
90740036
90734481
90697579
90694435
90690142
90685443
90679310
90677758
90623095
90621579
90619565
90610269
90609153
90608452
90606570
90594405
90589889
90576071
90560690
90557549
90551109
90550171
90532848
90515860
90507788
90504300
90496267
90488663
90458799
90447803
90440130
90427098
90424337
90418175
90401829
90397556
90385344
90382284
90380478
90369998
90333579
90315754
90307482
90295709
90289436
90278726
90262501
90248891
90237432
90236603
90211024
90177644
90176088
90170285
90159032
90158464
90151061
90150380
90146980
90139912
90139860
90122846
90120997
90100759
90081726
90079619
90072053
90067705
90052391
90016289
90010331
90007775
90004449
90004333
90002563
89997947
89988107
89985267
89975739
89963641
89957216
89956352
89953368
89943140
89936117
89920609
89918109
89889155
89886867
89850698
89826312
89824377
89797246
89797048
89783751
89779495
89776294
89772103
89767505
89759578
89748769
89737803
89704332
89688913
89674443
89659756
89654095
89653450
89643284
89635705
89631990
89627561
89600414
89598942
89596048
89569641
89569316
89567932
89566676
89557039
89528481
89523950
89518927
89502748
89502156
89488549
89482828
89477639
89472541
89467129
89461412
89459299
89454007
89445706
89432776
89422721
89421156
89408584
89400451
89383617
89366680
89356691
89356300
89354760
89353853
89339277
89320934
89314148
89303438
89285128
89284576
89277901
89247234
89235437
89232176
89229486
89206189
89203250
89200116
89172620
89170339
89138774
89124138
89113699
89108644
89090903
89079513
89078955
89048517
89045875
89005116
88967688
88944037
88941600
88938165
88929935
88925402
88915733
88905229
88900278
88898422
88898262
88881447
88869923
88863229
88859635
88845010
88819768
88787206
88775902
88771738
88764454
88750445
88749809
88749480
88741507
88736115
88730554
88707176
88696889
88694048
88664434
88647572
88618661
88605425
88597015
88596789
88593950
88588144
88587710
88584747
88583480
88565056
88562585
88555327
88547428
88546505
88545356
88529581
88524067
88521634
88493446
88490130
88488891
88464178
88463952
88454738
88440537
88432745
88430133
88405351
88398522
88375279
88349139
88346491
88339608
88338691
88338550
88336851
88299484
88295306
88284514
88282005
88280676
88273289
88268947
88262224
88258156
88255042
88247897
88237903
88235243
88228721
88222400
88222344
88220757
88215135
88213334
88143764
88138567
88112948
88069437
88062084
88059398
88054158
88045606
88045234
88039123
88038064
88036119
88029586
88026348
88025841
88023219
88015756
88010565
87993168
87989162
87968643
87960660
87948551
87930506
87921809
87888465
87880672
87849844
87848741
87799352
87787415
87765396
87749291
87749130
87748826
87735662
87729913
87729243
87723266
87713843
87697434
87691835
87684833
87681236
87680698
87670950
87660615
87658808
87656909
87639553
87638055
87635924
87618679
87606199
87587560
87585228
87571184
87559388
87538584
87534155
87519884
87510326
87487748
87447903
87439197
87422912
87402408
87395654
87374462
87361056
87355642
87354708
87348242
87323701
87320922
87318448
87318174
87317039
87316959
87310872
87303018
87299890
87299405
87295350
87294295
87288652
87283246
87270946
87270405
87265143
87264597
87263443
87261467
87259746
87254502
87250117
87249822
87238012
87227114
87224555
87219118
87217422
87206519
87201938
87198530
87197370
87196987
87194363
87159890
87150418
87120141
87118420
87117882
87117683
87117001
87116204
87084093
87081180
87055973
87055636
87055396
87051169
87040932
87029840
86969580
86968303
86964251
86937402
86936867
86934504
86932651
86867117
86862746
86861542
86845959
86840246
86825938
86820254
86807671
86799644
86788533
86778076
86772565
86761913
86755168
86751950
86730272
86703893
86701994
86688316
86684643
86669416
86665619
86657440
86648739
86639012
86630146
86622439
86621368
86617580
86612395
86609573
86562724
86556688
86539748
86533153
86519609
86519536
86510693
86498462
86489349
86486579
86484902
86464082
86458370
86457844
86457629
86450107
86439821
86431780
86431398
86420904
86411398
86407475
86404812
86399750
86396365
86390111
86386476
86377724
86367060
86365242
86348027
86346577
86340181
86333910
86323874
86293814
86273233
86270575
86268468
86257414
86246023
86236972
86234829
86228939
86197695
86195163
86186400
86179487
86162538
86153522
86119980
86119777
86104232
86091181
86090959
86079516
86077301
86071287
86069775
86065546
86060123
86052776
86048443
86044828
86035435
86031275
86031075
86029055
86028682
86027779
86018552
86017425
86014597
86007861
85990843
85969387
85969305
85961166
85944020
85938183
85931767
85924591
85912650
85910228
85906287
85881150
85850585
85844638
85833876
85826252
85823606
85807883
85802470
85756475
85754808
85753926
85743259
85741781
85738766
85733313
85730587
85723657
85701412
85680861
85678219
85673317
85665354
85662277
85645346
85644004
85638490
85635243
85626576
85593235
85591138
85588763
85573802
85569786
85556337
85534599
85531165
85502493
85451574
85443402
85402956
85401517
85394823
85389401
85387868
85380825
85374228
85369883
85364078
85347764
85327200
85326264
85317265
85296530
85270012
85268692
85253797
85251472
85243985
85237961
85235043
85234200
85232653
85231243
85223050
85219556
85209992
85209396
85186632
85146527
85143094
85129635
85127695
85115413
85110262
85108776
85102487
85094683
85092846
85090865
85089135
85089026
85086228
85085372
85074398
85056293
85055441
85031433
84999119
84996058
84994699
84991967
84987572
84983180
84975363
84971660
84961744
84961650
84942460
84920682
84897267
84892975
84890568
84876269
84862661
84810139
84784353
84761057
84752015
84743567
84735271
84732965
84715065
84714513
84685173
84679275
84642716
84637620
84634270
84613315
84580624
84562821
84541107
84530871
84515999
84513492
84512741
84503540
84503156
84490398
84487346
84483610
84446468
84445009
84437022
84434581
84418763
84402367
84401069
84395177
84394264
84392658
84374750
84368834
84347357
84330867
84318752
84285603
84280478
84280256
84261537
84253888
84207626
84201420
84194741
84194017
84185728
84176476
84159005
84157132
84152062
84151048
84139460
84100470
84092915
84086726
84031820
84023232
84008883
84002633
83998390
83996130
83989101
83988887
83938831
83930448
83929807
83925766
83922835
83921420
83914240
83912261
83905709
83890996
83871062
83870065
83869714
83866557
83821870
83809056
83796489
83781884
83776557
83771790
83759480
83755640
83748931
83748636
83724322
83720861
83719944
83703408
83701941
83684569
83683258
83681737
83679309
83678608
83668865
83668663
83657366
83632705
83623682
83606473
83604378
83593959
83586018
83558412
83549250
83544066
83539422
83536487
83525641
83515027
83513123
83493134
83468623
83467882
83442098
83431021
83424479
83423087
83415340
83413594
83393130
83385239
83363275
83348716
83343300
83338790
83335965
83333732
83330989
83316697
83272526
83263954
83260892
83247414
83245828
83208839
83196105
83180316
83173621
83155549
83144907
83139404
83116671
83113525
83098209
83067891
83056847
83054980
83036904
83032611
83028568
83015954
83015565
83005650
82994738
82987764
82985546
82979726
82979485
82976451
82930940
82902359
82895717
82880158
82867741
82862566
82848662
82826832
82823657
82810327
82805963
82786943
82786823
82777441
82766864
82755604
82743366
82742941
82736115
82734575
82715768
82710077
82692573
82691290
82678458
82675151
82655659
82650000
82623455
82604243
82599474
82594264
82586816
82584958
82574611
82563383
82534581
82517049
82480420
82480111
82479851
82458275
82449427
82448623
82432286
82430520
82419039
82414062
82403379
82400719
82399902
82397010
82395427
82395353
82388518
82381515
82343485
82326944
82317879
82316633
82313816
82312772
82311119
82302839
82301956
82301374
82298713
82283972
82281168
82280493
82256784
82253800
82252477
82245020
82234095
82232139
82229532
82226940
82222141
82174547
82173762
82130336
82129018
82110882
82098909
82086402
82066748
82058619
82035145
82024861
82024573
82008340
81983991
81980185
81977223
81976806
81962557
81956209
81954256
81951586
81946979
81932260
81930946
81930682
81914977
81914974
81906536
81902478
81891574
81887571
81882550
81877206
81876820
81848261
81842871
81821662
81813001
81810503
81806464
81806051
81795292
81793644
81786432
81779684
81777582
81775867
81774829
81774729
81773953
81768321
81752238
81730540
81729495
81728047
81724883
81714639
81705995
81700418
81695521
81647296
81642418
81637674
81631813
81612629
81587579
81586663
81584090
81579088
81577416
81574756
81574486
81562696
81553051
81551318
81542679
81534394
81532956
81532344
81476907
81467932
81461175
81444229
81435376
81433633
81427876
81421244
81409266
81402343
81395732
81393421
81387271
81369396
81366287
81355973
81354428
81353291
81344044
81337045
81336405
81317552
81299747
81296962
81295634
81294632
81283921
81261968
81242866
81233648
81224244
81214640
81209002
81208635
81208064
81207411
81190340
81185653
81180188
81172640
81142188
81134634
81127787
81116967
81082466
81080528
81069767
81061734
81059267
81056327
81047082
81044070
81041989
81039062
81028522
81024644
80997232
80996218
80979835
80966698
80954243
80919164
80910032
80906394
80894729
80884459
80880251
80866925
80849088
80831081
80830798
80826553
80807721
80794093
80793158
80787283
80773731
80695397
80689588
80689327
80674778
80673762
80667661
80656830
80646488
80639614
80634742
80633101
80629668
80612300
80611310
80593865
80577278
80548071
80521922
80498658
80472370
80471330
80469862
80467775
80442785
80436040
80434453
80410811
80385431
80352469
80347856
80345375
80344833
80341449
80335353
80335209
80327388
80309871
80269632
80266826
80261108
80258493
80239661
80224919
80211897
80205651
80204036
80203150
80183686
80165793
80160451
80133967
80101177
80093841
80091682
80068279
80038797
80029232
80023156
80010621
80007098
79982802
79962378
79953849
79943611
79935752
79922004
79921610
79921156
79910912
79874032
79857638
79854096
79846748
79845560
79841588
79839682
79838028
79829542
79811076
79798992
79779759
79774237
79768181
79766894
79766064
79763604
79748008
79744999
79739076
79725467
79721182
79714945
79706691
79700970
79700463
79689021
79686631
79654423
79641481
79618918
79609592
79602668
79584095
79528317
79523232
79519793
79516044
79497874
79487834
79485420
79469341
79468481
79464573
79460646
79446800
79412607
79406448
79397659
79367844
79332969
79320995
79306120
79304923
79284913
79259126
79252575
79244509
79244363
79240725
79229646
79198217
79189479
79178088
79176266
79152228
79138927
79138559
79103071
79081989
79073709
79067114
79066138
79061525
79048098
79005113
79002673
79001070
78997653
78985528
78950233
78944797
78929463
78929452
78912034
78905467
78900039
78898429
78887206
78884189
78871712
78865844
78864489
78863233
78845345
78837032
78828371
78822690
78817666
78815855
78798353
78794953
78791413
78777736
78775719
78739279
78729339
78725188
78721153
78718329
78716116
78709382
78697363
78685823
78680127
78667981
78665413
78650621
78634900
78623449
78610665
78596178
78563100
78558377
78549977
78546276
78543947
78542129
78538357
78530795
78530690
78528358
78526604
78519288
78505184
78503964
78466486
78463915
78451243
78450132
78438168
78417922
78401368
78390835
78388959
78380663
78372606
78356504
78349414
78345413
78337493
78320894
78309509
78295388
78295301
78283051
78281684
78263607
78248160
78247570
78233765
78219999
78213968
78173107
78168840
78124526
78106782
78104591
78097030
78080920
78073313
78059606
78059361
78051554
78042504
78041881
78041702
78041476
78025614
78003367
78001903
77978537
77940745
77930232
77918868
77909971
77893360
77890242
77883638
77855035
77853991
77844811
77835401
77835360
77812444
77796697
77795555
77780234
77778215
77765594
77763270
77744689
77734642
77721558
77709972
77707890
77703696
77688916
77674826
77670403
77666601
77664164
77656849
77654890
77652781
77625682
77608315
77605528
77603470
77600519
77594426
77586339
77570471
77568030
77561733
77555117
77534595
77514049
77511599
77508109
77506112
77476754
77475545
77470552
77469828
77456833
77450519
77446083
77436056
77434380
77427251
77417209
77416098
77410205
77404358
77395316
77385263
77369342
77366353
77356285
77353460
77338590
77333909
77328539
77310487
77303017
77297089
77276189
77266859
77260862
77258041
77249790
77240867
77240116
77239889
77239834
77219645
77214789
77213358
77172163
77171233
77165769
77157068
77147959
77146126
77129003
77126138
77123093
77117852
77115469
77108301
77096398
77096252
77095570
77085499
77079031
77056055
77034932
77033145
77026228
77018458
77009842
77005414
77001394
76980847
76970654
76963279
76955760
76939378
76936907
76935158
76932010
76922315
76920529
76912907
76911820
76907197
76906390
76905556
76901376
76893579
76871224
76855094
76840359
76840298
76832881
76830626
76800853
76797135
76778316
76729397
76728524
76710114
76706871
76699160
76691416
76690379
76686396
76675131
76652627
76640001
76605045
76585953
76584982
76578453
76570561
76568424
76541657
76504053
76501043
76496471
76490371
76486666
76486665
76485054
76484503
76470587
76450511
76434998
76434196
76424540
76407801
76400737
76374649
76374352
76366229
76355525
76324410
76323546
76298883
76266183
76265047
76260961
76260586
76256297
76237018
76222274
76216612
76199074
76168388
76155454
76141753
76141063
76136286
76131647
76105326
76099918
76097136
76096374
76084002
76040902
76038869
76023824
76022130
76006501
76004299
75996115
75995572
75990783
75959875
75945231
75941375
75939896
75932194
75931198
75931023
75900482
75887865
75884396
75877705
75873041
75869058
75862639
75858978
75854747
75819467
75818350
75802436
75772778
75726581
75725772
75704987
75694308
75655281
75653938
75618564
75611067
75608390
75580168
75576550
75564905
75559088
75557691
75552851
75552506
75549842
75521358
75520266
75470699
75465969
75458716
75455952
75426286
75425207
75421481
75419780
75417193
75400053
75395265
75391511
75352043
75336968
75336568
75331179
75326555
75312382
75306165
75299466
75293413
75280706
75264465
75256352
75252743
75244996
75225054
75220274
75213933
75213553
75210959
75205480
75185919
75175526
75174773
75151256
75150845
75138914
75131358
75124762
75112709
75111894
75092008
75091068
75074610
75072193
75071110
75069250
75064800
75055426
75053102
75051785
75046611
75042521
75041928
75035202
75033334
75015831
75014649
74998705
74990866
74988957
74987709
74987494
74984614
74980115
74974884
74967350
74963769
74960328
74952292
74950825
74940134
74935858
74918234
74886516
74886271
74856529
74827320
74817585
74803167
74798160
74786148
74781016
74780639
74778679
74751313
74727801
74723135
74681073
74677249
74671178
74658514
74638953
74638208
74626405
74614477
74612236
74607292
74589664
74565951
74546455
74543209
74541174
74535144
74533606
74533454
74533266
74529035
74512277
74508294
74500119
74494177
74473755
74467510
74449707
74447110
74438257
74428190
74427690
74421558
74417291
74398290
74386896
74379168
74370002
74369481
74369260
74352940
74339597
74330526
74323166
74300147
74287156
74277654
74268828
74263777
74256346
74253751
74252143
74251085
74250175
74245484
74215557
74206831
74198429
74172881
74146108
74130384
74129244
74125587
74125179
74104223
74101474
74085147
74082465
74071324
74049987
74049136
74048433
74044355
74036350
74033157
74031661
74027382
74003471
73997212
73991517
73987523
73982339
73966667
73963049
73960975
73960267
73949584
73945715
73945041
73938663
73918310
73907252
73885106
73874571
73862633
73860479
73837369
73825933
73819100
73793537
73787726
73769014
73753176
73722727
73719129
73715231
73706112
73689333
73684358
73682369
73628092
73615030
73613659
73611000
73609373
73579013
73577002
73573977
73568468
73549745
73535710
73530286
73526388
73525680
73494066
73479742
73477249
73465711
73463778
73458966
73421239
73419841
73416507
73400170
73398098
73391581
73371373
73371193
73364046
73350087
73343821
73341169
73311789
73308372
73307781
73305449
73300773
73278543
73275382
73272345
73271506
73271413
73258838
73258592
73256750
73253647
73246561
73246176
73242867
73233712
73225342
73222080
73192811
73189413
73181401
73159145
73152880
73151290
73149904
73136137
73133131
73132846
73129615
73098261
73078811
73068635
73067200
73061014
73056240
73053855
73039550
73034198
73031411
73030147
73019124
73019042
73015096
73007019
72992981
72964879
72961005
72960238
72950121
72936992
72922258
72911641
72898039
72894070
72884425
72871496
72862865
72861373
72852598
72844177
72832863
72832282
72824790
72814231
72808634
72799712
72794017
72792736
72787875
72785727
72780631
72772902
72765961
72756868
72722876
72721979
72712946
72686821
72679014
72671456
72664834
72646666
72642097
72641130
72640132
72629009
72622886
72614019
72610770
72589562
72561049
72558372
72547613
72523575
72515934
72508590
72500103
72498122
72471952
72463932
72452091
72448536
72420584
72411173
72409316
72404512
72372528
72372214
72372039
72361751
72358990
72349375
72332652
72322929
72322880
72292090
72287995
72283883
72275505
72271386
72265659
72249386
72247620
72226991
72221880
72212193
72209561
72198741
72191419
72184585
72180475
72177219
72174353
72165705
72160609
72141002
72127989
72112321
72108777
72105418
72101704
72098685
72098353
72090385
72073035
72062042
72060753
72056377
72054357
72049504
72037952
72022435
72016655
72006940
71997815
71991974
71985713
71960280
71944517
71925230
71907717
71896568
71880306
71870796
71867898
71848309
71844497
71841927
71825497
71819709
71819484
71813627
71797594
71795646
71781212
71768211
71766514
71759725
71733972
71716771
71699249
71691766
71682592
71671300
71670137
71641148
71633099
71629038
71604001
71593039
71592211
71591808
71591118
71581146
71539661
71537798
71533461
71532648
71530042
71517758
71515077
71503885
71483586
71479886
71475643
71474952
71467399
71467177
71465917
71442158
71438726
71425574
71405352
71398970
71393285
71381972
71380527
71364082
71354907
71354165
71317888
71317424
71295523
71279340
71270872
71266758
71251546
71251170
71239651
71232165
71210622
71192810
71174514
71173021
71169968
71167388
71126419
71114184
71108024
71104915
71099353
71083501
71076008
71071567
71057593
71056560
71054426
71045029
71031706
71007151
70994541
70986483
70984838
70983941
70979959
70966165
70961518
70944629
70920126
70915571
70911675
70901992
70897539
70887595
70886020
70882423
70869911
70869608
70862098
70841618
70833586
70830825
70808172
70805597
70805125
70801011
70791380
70769476
70766735
70762962
70751407
70750996
70744036
70703953
70693741
70677811
70660437
70645304
70636684
70630734
70626560
70623387
70604043
70589445
70576180
70572168
70572116
70554035
70523795
70501678
70499268
70496682
70492081
70481283
70464857
70453392
70442648
70438417
70435660
70416339
70408284
70404063
70399570
70397764
70386058
70381213
70361778
70357145
70351705
70348646
70343519
70338091
70328150
70320327
70320131
70319662
70310003
70305706
70287673
70268822
70266968
70262686
70260873
70257897
70233732
70195698
70180512
70165908
70165539
70160916
70153272
70153078
70148968
70138928
70136753
70120334
70119271
70114355
70108615
70103294
70078308
70011371
69985007
69983326
69967843
69942709
69928795
69927827
69913188
69912114
69888731
69881121
69851001
69846553
69830756
69827277
69823463
69795552
69794507
69789256
69766501
69764906
69757971
69745731
69736720
69731245
69714777
69707613
69706606
69704721
69693105
69692777
69683730
69676256
69673615
69646582
69634237
69627061
69615201
69609672
69599054
69596104
69593723
69587264
69577625
69575338
69570114
69561616
69560272
69537881
69517220
69505883
69490129
69483647
69426348
69422358
69413469
69389973
69372767
69372236
69364486
69354577
69351370
69350060
69318690
69310288
69300098
69285977
69269644
69264274
69256920
69255441
69225969
69212111
69208768
69181599
69139588
69124688
69123573
69118585
69087343
69077610
69076743
69074289
69071610
69042923
69041483
69034297
69019609
69016466
69001644
68990393
68986431
68980148
68979385
68976778
68966168
68941114
68923369
68916955
68906764
68870353
68859256
68854720
68854473
68824720
68801572
68798848
68796491
68791277
68784656
68778395
68776952
68776653
68773753
68773396
68770843
68769587
68751516
68747503
68746566
68734102
68731321
68724897
68707783
68707558
68706339
68668763
68660494
68656080
68655890
68653691
68648096
68644668
68644598
68642034
68637311
68636453
68606247
68593982
68589072
68584579
68579387
68573758
68543994
68541299
68539255
68533424
68530565
68529022
68506680
68501607
68486884
68484498
68442110
68430584
68427594
68422223
68414684
68413471
68410917
68409301
68396148
68384957
68378964
68375403
68372995
68357404
68354551
68349461
68342705
68321191
68317288
68313423
68312217
68308391
68304589
68299502
68299452
68286694
68277751
68263053
68251331
68249527
68245208
68242185
68231277
68214947
68197741
68167847
68163358
68155652
68146888
68140346
68132040
68121610
68117651
68112270
68111204
68104987
68098064
68097531
68089582
68085556
68080913
68079941
68053553
68050930
68048738
68043909
68042343
68030234
68019464
68014296
68010439
67997118
67982306
67968300
67965971
67922322
67914724
67891624
67882146
67873427
67867407
67842034
67822242
67818719
67818429
67814038
67767270
67757539
67745288
67737812
67725432
67723128
67722936
67705252
67657177
67656607
67636525
67626210
67624539
67620155
67604634
67603178
67598363
67595172
67594780
67589730
67581517
67578395
67556644
67540964
67511855
67474084
67472161
67466235
67454485
67454022
67451462
67434952
67434615
67428686
67427437
67424764
67378301
67366975
67348929
67347305
67331434
67325679
67324794
67315295
67312993
67299303
67293455
67274094
67267248
67240273
67225133
67223020
67221374
67220665
67215786
67199869
67196734
67173304
67161730
67153640
67149409
67132072
67119944
67112545
67112186
67104266
67084847
67078188
67068824
67064465
67040805
67040158
67028222
67025405
67016672
66990498
66987876
66968637
66965125
66956002
66934110
66928103
66910592
66873586
66866157
66855153
66842387
66838958
66829786
66828467
66806365
66777390
66774839
66773832
66769355
66752567
66751454
66747532
66742906
66742382
66735348
66727950
66717954
66713335
66712512
66706583
66697169
66686865
66675826
66660406
66653144
66651152
66649743
66649506
66649109
66643131
66636081
66634037
66629415
66619824
66593028
66588331
66580437
66541620
66527256
66491621
66477438
66467880
66459367
66458888
66447701
66409281
66407181
66404667
66396334
66393302
66387700
66382200
66372911
66368268
66363317
66361841
66333146
66329252
66322073
66316788
66290908
66282772
66264501
66257208
66254721
66246740
66245689
66236682
66208424
66207792
66206264
66205325
66197258
66187429
66180121
66178711
66173922
66152295
66150145
66141126
66110484
66096196
66090735
66087514
66073306
66062854
66055332
66042483
66039619
66035973
66026859
66013296
66006497
66004752
65981809
65896870
65896428
65879218
65843505
65837859
65837817
65824534
65822335
65807324
65800079
65786046
65758376
65739429
65717945
65705671
65679179
65649143
65632442
65622147
65609513
65594785
65585998
65574935
65548971
65542555
65533892
65529647
65526164
65518849
65514900
65509693
65486540
65470334
65467430
65460661
65433814
65433139
65430974
65414635
65407320
65394319
65378567
65372879
65330608
65330439
65301563
65298740
65285406
65284037
65281720
65274320
65270349
65265765
65245599
65230689
65219355
65213778
65213045
65205762
65196332
65185346
65177231
65171057
65167596
65167332
65165882
65162737
65147846
65114985
65112416
65101689
65090125
65079816
65070980
65066619
65062807
65062167
65062140
65054158
65051016
65044929
65042498
65041779
65031287
65030438
64965913
64964738
64962839
64936118
64916522
64893024
64889678
64878189
64857982
64844060
64830567
64823947
64812552
64806556
64802083
64797197
64791942
64770105
64762674
64750343
64742663
64741446
64722383
64721350
64719170
64710137
64709493
64698828
64694464
64692293
64680785
64669556
64666866
64648056
64637158
64636648
64632510
64630776
64625171
64585222
64577368
64537833
64525890
64514493
64489194
64470802
64466827
64462953
64462660
64444642
64426992
64417076
64412384
64398388
64398310
64389473
64378424
64361924
64345096
64301672
64290590
64282023
64280629
64275134
64265501
64263614
64263539
64258981
64254490
64253548
64245590
64244968
64221060
64216480
64202656
64193313
64186884
64169381
64163770
64154986
64144393
64137972
64132796
64112633
64105439
64101466
64096436
64073438
64044564
64026089
64019619
64007688
63997801
63991487
63977264
63976125
63973016
63972781
63970451
63964418
63958610
63944995
63944686
63921448
63902952
63873171
63872707
63871376
63870517
63870421
63865899
63848621
63830253
63824261
63780216
63760812
63738345
63727116
63723219
63700445
63667625
63658464
63639003
63618566
63617406
63604941
63600680
63591347
63575322
63562519
63550905
63548751
63546736
63545028
63538235
63516983
63513961
63509845
63493681
63486244
63480815
63477841
63462925
63457260
63444771
63438045
63430701
63421225
63419751
63418955
63409227
63406641
63406609
63396963
63394534
63390245
63382073
63379945
63377953
63342382
63322762
63317125
63312074
63310264
63305474
63301792
63297394
63289186
63267427
63260869
63256070
63239348
63222648
63221728
63219209
63216370
63213557
63200857
63192678
63162304
63156981
63123475
63120696
63117451
63114861
63085658
63083044
63068868
63061735
63061375
63060887
63036196
63016768
63015407
63013358
63008723
63008112
62990306
62977970
62973438
62972605
62959751
62945029
62916114
62899199
62895360
62891183
62889564
62886498
62876167
62874084
62871263
62812865
62800119
62785895
62761732
62751917
62750479
62736346
62733940
62731073
62714722
62712704
62700479
62696054
62692628
62680375
62676965
62663141
62662400
62656352
62634851
62614972
62596085
62594345
62582670
62574446
62566750
62561385
62556895
62548994
62543687
62536753
62535703
62518564
62487975
62476781
62472980
62467372
62462174
62450310
62435511
62423040
62417816
62393068
62389652
62389086
62383243
62380805
62357501
62332279
62319370
62304707
62270528
62264924
62258362
62249270
62227406
62221276
62186377
62169512
62169022
62162175
62147134
62146377
62145780
62140748
62140481
62132099
62122679
62120899
62094814
62088467
62065149
62058454
62046185
62030190
62025320
62019937
62005719
61986976
61985923
61975419
61950642
61943604
61939866
61935525
61909938
61907505
61904603
61872425
61860016
61852282
61849262
61833829
61831948
61826876
61824473
61820698
61795636
61795109
61793754
61775650
61769832
61750970
61745959
61744743
61739413
61733487
61714266
61706704
61701594
61699344
61689689
61680713
61675179
61669888
61667581
61664922
61646945
61643951
61640324
61635402
61633267
61622036
61611523
61595205
61585214
61572465
61552701
61544840
61541790
61525802
61513388
61497439
61480100
61446240
61441458
61429160
61427062
61412498
61400851
61395756
61395297
61383665
61352966
61341220
61332509
61332447
61315827
61311383
61287784
61265787
61252665
61223946
61217949
61205537
61188083
61174853
61168151
61166610
61158817
61149172
61134929
61134693
61123475
61081207
61078623
61073032
61065456
61060174
61058414
61053123
61039586
61023962
61019774
61014580
61008321
60998574
60995633
60993361
60986105
60977033
60972937
60972237
60965571
60940016
60932120
60913401
60897143
60877753
60872522
60863560
60852025
60842582
60804291
60763662
60756416
60751561
60736227
60730450
60726068
60724370
60715747
60714765
60687021
60677525
60674843
60672890
60672840
60667935
60656886
60639353
60633669
60618971
60608789
60572641
60566875
60559042
60541599
60527729
60503935
60496656
60495029
60477706
60469373
60468113
60455618
60439009
60395507
60394813
60386361
60374556
60321421
60317431
60316106
60300630
60296262
60293545
60267576
60252093
60244204
60236232
60233266
60223940
60223131
60222030
60212049
60209228
60203050
60194080
60192772
60186456
60182013
60168805
60130885
60117240
60098491
60095303
60089447
60089392
60077495
60073458
60072134
60053411
60049628
60049314
60027526
59997946
59965126
59952036
59948694
59944505
59942095
59932935
59931293
59915293
59913604
59900582
59885697
59881184
59850162
59843183
59809748
59797770
59791406
59766811
59764561
59753084
59729223
59703547
59698165
59695150
59693065
59672858
59669425
59668825
59660677
59655875
59633322
59631503
59623465
59584496
59554990
59551968
59546555
59541289
59539466
59526229
59525324
59510931
59489142
59487600
59481871
59481412
59476201
59473093
59459898
59459039
59455075
59449068
59441817
59416510
59412347
59412240
59393113
59388743
59387597
59374472
59314773
59305342
59302469
59301064
59283477
59280109
59269054
59259173
59246667
59225953
59205287
59203657
59193373
59188573
59176369
59167981
59166330
59156886
59149897
59149179
59109012
59095187
59092344
59091515
59087555
59085304
59080699
59078558
59029796
59026222
59020656
59010652
59009888
58999240
58946119
58939930
58936794
58929341
58905973
58879620
58872908
58846288
58833664
58825110
58805620
58796971
58784831
58766410
58766130
58766122
58763144
58732078
58731550
58708777
58696737
58655280
58653373
58636243
58629982
58611027
58597153
58596391
58525516
58521058
58519515
58510655
58503588
58493327
58493171
58484970
58455426
58453596
58447551
58436355
58429989
58429183
58419601
58382867
58373815
58371555
58368713
58362635
58351648
58335978
58318725
58318597
58311602
58258087
58244428
58236595
58226449
58219938
58198604
58198279
58163989
58163663
58161521
58150074
58136224
58134712
58133703
58118536
58114582
58098376
58087402
58078501
58076087
58075526
58059408
58050581
58045643
58037656
58036600
58026861
58020833
58002529
57999012
57998250
57997444
57995010
57985691
57980344
57979727
57953348
57943804
57930928
57920901
57919730
57918833
57891324
57885820
57857415
57852405
57848318
57837152
57831902
57771239
57756197
57739320
57725001
57721307
57720919
57719272
57713442
57704897
57693866
57690636
57686506
57673296
57671361
57629295
57622950
57622728
57605439
57574637
57561526
57560878
57559133
57554348
57553677
57543112
57541304
57540356
57536950
57535024
57529182
57503700
57490329
57479311
57473843
57467934
57465814
57454223
57444299
57435755
57421452
57396915
57391494
57384195
57368894
57362201
57350466
57343248
57341792
57327890
57299443
57271561
57263643
57263631
57260241
57257067
57247413
57200236
57196140
57185218
57175883
57170513
57153821
57145688
57118231
57113112
57098791
57092732
57083801
57056041
57026412
57017167
57004912
56998959
56972010
56969912
56959431
56940816
56929045
56922976
56916974
56906768
56901766
56901322
56899356
56898720
56898026
56897820
56896567
56894517
56886887
56885756
56882923
56878292
56875330
56867473
56857396
56853507
56851066
56849268
56818972
56816105
56798648
56786853
56779241
56773149
56752499
56752019
56739909
56722991
56701839
56701178
56699350
56698163
56690781
56689710
56655325
56641825
56623944
56621304
56617209
56614479
56554544
56541244
56535651
56532154
56528003
56527519
56518664
56475209
56460031
56420051
56414905
56401658
56394087
56392022
56385986
56380539
56363728
56352124
56347351
56342946
56329975
56324981
56323275
56301822
56288684
56286674
56264266
56253992
56228998
56228034
56226052
56211065
56186755
56184145
56175853
56151296
56133968
56126362
56118830
56118334
56113536
56109979
56109567
56105983
56103848
56095609
56073990
56069584
56061674
56054265
56051855
56045864
56044161
56039682
56037604
56035803
56024888
56022741
56021568
56012366
56003781
55995217
55991861
55989016
55986121
55985241
55979776
55950596
55944016
55924818
55922883
55922826
55909918
55896483
55894686
55880347
55857858
55828042
55827120
55810841
55805929
55799952
55798136
55797629
55765303
55764920
55735472
55723550
55718970
55718255
55704738
55692048
55692018
55671334
55666618
55654774
55635073
55629012
55615809
55607901
55599310
55589598
55581570
55563685
55554458
55531189
55530992
55527382
55483983
55479512
55461170
55454930
55452164
55449187
55439547
55431188
55413806
55402807
55392489
55392231
55378333
55370053
55359294
55356312
55337980
55325004
55324826
55304695
55299102
55295205
55293723
55289486
55282650
55274751
55274675
55269760
55251119
55242060
55241506
55239827
55224313
55224188
55220143
55214214
55213039
55210063
55199493
55185101
55178639
55174862
55173568
55169820
55163534
55151409
55143169
55129853
55126168
55118912
55112413
55104091
55096564
55092301
55087886
55083384
55071959
55071284
55041118
55036639
55032993
55029287
55016324
55009888
54999802
54982529
54975303
54952570
54934046
54933450
54931947
54931281
54925708
54912151
54892268
54864891
54837217
54824977
54819429
54802203
54797108
54777603
54767297
54760670
54753606
54752414
54742160
54727254
54715598
54694479
54681992
54679094
54674930
54672294
54671002
54648694
54647192
54646343
54644800
54644294
54644146
54633097
54632373
54630774
54626934
54621114
54617491
54613833
54590989
54583483
54563573
54559133
54553367
54544918
54532897
54522002
54517811
54506323
54493899
54469849
54458498
54455142
54453958
54451829
54451531
54434402
54433424
54409052
54390897
54378536
54359736
54343498
54343308
54329517
54318291
54272828
54269939
54242521
54238740
54231511
54204352
54196989
54192359
54183605
54157897
54153134
54147620
54143992
54134215
54129066
54118338
54108913
54107834
54105354
54084592
54083163
54061273
54051800
54043688
54037892
54036068
54019052
54016173
54013605
54003731
53996314
53988425
53981711
53979015
53956795
53954716
53950821
53948289
53947037
53922703
53906035
53903957
53898292
53871703
53861263
53839197
53829903
53828683
53823124
53817248
53794576
53779485
53765523
53764496
53729514
53726021
53707549
53698622
53668588
53645214
53643656
53626282
53623928
53617924
53596072
53595445
53578667
53571161
53563111
53542939
53527396
53516227
53507211
53503737
53484398
53466872
53460786
53428900
53422558
53422258
53407350
53398815
53395498
53392702
53383174
53382122
53380878
53352359
53343916
53334424
53318758
53309079
53292010
53290492
53286369
53265860
53255497
53251697
53220857
53217604
53203592
53193036
53193011
53173636
53170179
53169640
53167343
53162898
53160310
53156058
53143560
53142027
53136197
53121980
53121462
53117848
53091434
53089587
53084446
53051172
53045043
53037637
53033923
53020103
52986036
52976978
52966669
52945756
52944667
52942052
52917417
52913966
52901624
52892268
52881607
52880642
52870657
52869977
52861120
52858633
52853510
52844479
52814613
52804812
52789512
52786173
52769454
52764578
52749646
52739854
52729135
52726409
52712092
52677091
52674290
52663727
52654607
52650741
52640834
52639836
52638576
52634421
52631321
52598740
52586885
52572601
52556470
52555191
52549589
52545803
52543783
52540709
52521846
52490570
52488729
52459667
52458311
52450630
52429017
52420724
52383281
52365695
52355159
52347814
52342549
52322188
52297212
52293905
52288885
52288662
52284943
52276252
52269915
52262897
52257153
52252756
52243763
52238350
52194615
52187446
52182160
52171078
52148091
52138004
52102477
52097264
52093689
52087895
52082162
52072899
52055774
52031360
52024793
52024715
52019140
52016143
52000968
51993481
51980078
51979739
51976798
51966625
51927557
51921291
51918094
51910863
51907542
51892546
51882314
51880473
51867344
51859354
51847256
51847224
51844972
51842357
51837722
51835894
51826056
51818874
51790535
51781846
51778054
51757029
51754371
51746321
51738596
51732423
51730659
51729739
51702536
51701408
51700155
51699604
51693948
51690879
51676171
51675049
51649109
51629582
51624863
51618129
51614630
51600503
51581571
51575039
51574120
51550626
51540698
51535073
51522902
51517979
51504044
51485127
51471052
51463548
51455234
51454920
51449598
51432791
51426147
51424969
51420483
51409472
51407222
51386568
51382040
51380958
51376191
51363680
51334953
51328895
51327617
51289327
51288766
51285561
51272447
51270658
51267087
51212274
51212112
51183588
51173091
51161639
51154851
51147543
51122318
51097206
51072408
51068316
51067910
51061642
51052151
51047071
51033498
51003902
51003833
50991871
50983014
50982352
50966402
50961100
50934789
50920463
50914491
50909221
50887285
50876008
50863357
50857999
50857777
50851249
50837017
50823099
50819890
50806447
50804172
50797730
50795668
50792896
50784864
50768770
50751651
50745528
50730103
50704194
50695383
50688635
50686499
50683891
50677030
50672213
50647967
50642070
50641507
50640017
50636788
50636487
50622441
50613083
50606967
50596951
50596747
50595721
50580086
50572696
50569110
50560454
50556180
50554772
50550700
50549113
50535107
50514457
50493852
50477185
50472987
50465767
50462793
50425805
50424380
50406380
50400958
50392903
50388900
50387179
50379350
50366593
50359853
50313419
50309413
50309296
50283985
50275470
50250310
50249546
50233909
50223156
50217233
50215996
50200628
50197698
50172292
50170775
50136725
50126620
50113105
50074635
50069597
50061521
50052492
50031329
50011978
50011474
50005848
49977621
49972901
49971991
49970403
49946671
49939472
49923290
49871010
49865145
49863315
49862616
49855497
49846738
49840291
49837599
49829421
49804600
49778881
49778791
49777838
49732746
49731574
49727180
49716028
49712401
49711294
49708430
49703868
49699627
49698540
49675590
49654190
49653437
49644602
49617952
49617501
49616082
49611573
49595496
49575883
49573414
49554785
49540844
49532286
49526868
49522053
49490483
49478767
49477557
49442685
49439639
49424622
49422659
49411863
49411580
49407052
49379435
49373875
49354501
49343859
49340621
49331845
49328936
49303208
49284584
49270544
49259122
49249793
49216030
49199545
49184860
49184704
49174120
49172246
49152501
49108015
49093556
49086566
49076344
49050401
49049176
49047565
49039244
49036221
49029663
49028071
49005272
48996591
48974841
48924064
48920591
48919911
48916567
48915328
48901455
48891003
48885151
48884597
48879967
48878430
48868963
48850686
48848433
48832314
48823231
48821910
48814616
48786386
48786262
48751963
48698677
48693303
48672490
48666601
48653635
48649294
48647888
48633590
48622638
48616819
48611432
48576765
48575058
48547087
48538902
48536053
48533291
48531027
48510902
48508580
48493787
48476536
48474090
48445778
48427489
48413786
48397341
48394781
48389346
48366384
48361606
48346091
48340751
48329550
48318606
48304712
48284512
48275226
48272907
48267582
48261216
48250561
48238611
48223656
48214654
48210296
48199782
48164974
48157910
48150160
48143743
48132605
48126729
48111766
48102047
48096677
48071833
48056274
48050485
48025408
48024409
48014597
47994723
47994310
47991001
47976331
47970804
47961418
47950964
47945598
47941861
47925024
47922362
47919190
47902787
47897153
47896169
47873950
47872862
47862922
47839509
47838771
47830818
47810926
47804068
47794070
47792982
47775527
47771279
47765624
47761385
47760374
47748689
47735950
47720911
47712347
47708726
47704400
47694984
47683908
47678480
47671900
47657964
47655933
47627223
47601524
47596486
47585745
47573691
47564752
47562430
47558476
47554019
47548270
47542756
47538264
47510162
47503309
47495150
47493083
47467442
47443667
47425203
47423146
47419306
47410712
47404175
47397954
47383689
47378179
47373067
47352864
47352561
47348202
47345074
47332493
47329754
47305353
47296800
47290474
47289358
47282498
47275627
47263946
47245798
47243326
47230869
47229303
47206740
47200462
47199276
47194238
47188710
47180052
47168505
47157095
47150346
47134809
47129278
47123873
47122865
47111051
47076498
47064849
47059167
47054576
47047033
47031959
47031603
47014389
47014184
47001682
46997778
46994392
46981413
46963844
46962094
46947283
46940928
46932645
46923276
46913837
46884286
46877564
46866522
46857334
46844695
46826667
46826433
46813880
46765864
46764603
46753712
46740088
46732702
46721406
46708187
46707286
46703242
46702586
46690454
46681458
46655043
46646742
46642485
46636448
46622117
46604443
46588591
46579366
46576657
46567903
46566298
46560170
46553391
46546336
46543006
46541590
46538324
46518314
46468082
46467867
46450418
46439283
46432756
46423405
46402464
46401699
46386064
46375371
46367698
46351586
46350009
46333705
46315989
46302715
46279656
46268779
46263705
46262620
46231820
46215142
46209561
46209045
46190026
46164276
46160855
46159591
46154720
46137014
46125673
46114791
46101029
46100001
46093640
46087656
46087229
46079602
46061025
46055255
46018053
46016147
46010741
46008429
46005322
45990550
45971279
45969767
45956611
45953258
45948709
45935576
45935245
45915089
45907700
45885981
45883548
45864671
45859726
45853976
45845093
45827316
45823230
45800035
45779937
45772389
45750828
45749980
45742762
45738321
45731611
45720639
45714206
45706226
45701689
45693780
45690840
45681004
45680987
45674695
45670030
45660429
45660377
45655941
45655372
45633037
45632834
45621518
45618951
45615299
45612045
45579286
45571229
45568878
45563518
45557771
45543178
45518924
45517889
45511150
45469878
45464436
45449956
45441711
45437988
45419910
45418316
45417085
45415543
45414721
45398071
45396844
45361358
45353956
45343106
45320898
45284283
45264225
45263842
45251147
45241176
45227127
45223626
45211921
45203168
45195239
45185709
45182601
45179066
45168007
45151756
45149493
45130078
45124552
45117047
45114396
45083767
45068090
45059207
45037415
45029554
45011566
45000795
44995569
44992702
44983202
44969353
44962068
44955660
44940638
44937306
44927097
44923281
44890506
44861469
44845274
44841977
44824181
44814940
44804936
44793952
44789918
44788287
44783159
44780767
44774966
44773560
44772268
44760456
44736080
44730939
44729454
44726201
44700198
44680362
44677037
44676522
44671691
44655207
44633914
44621669
44620242
44557151
44554461
44553229
44537031
44534222
44524245
44523909
44519045
44505257
44476887
44452694
44447256
44441669
44439934
44417656
44411559
44386240
44384020
44382720
44380102
44373547
44356338
44344191
44337353
44330881
44311041
44303654
44293359
44287604
44275388
44272958
44269186
44268894
44248847
44234358
44225684
44215503
44212165
44169731
44149855
44142413
44135838
44126547
44116589
44114082
44090493
44088335
44082646
44056930
44056467
44053629
44010275
44006335
44004886
43966574
43962927
43961658
43921543
43915191
43897954
43882089
43880143
43846399
43840707
43836142
43819829
43808909
43806592
43805836
43792766
43787024
43786969
43784886
43782370
43776296
43776238
43767626
43764654
43764120
43759744
43755524
43751466
43749246
43745501
43731990
43725749
43719215
43718101
43717133
43714502
43711812
43711223
43711087
43696217
43687113
43677312
43659079
43647300
43645532
43640065
43622623
43609077
43604332
43601015
43587837
43583905
43581218
43578157
43577174
43576573
43556738
43545775
43540745
43536773
43534601
43495803
43478065
43472374
43469625
43455055
43454092
43444785
43433736
43433209
43411426
43411415
43402143
43397010
43377996
43362333
43338141
43336810
43334712
43318820
43317532
43310238
43297321
43297107
43291953
43268698
43262567
43206706
43205201
43204789
43176384
43175057
43167537
43153721
43145907
43127733
43121318
43116554
43103024
43091945
43085816
43078914
43072704
43065566
43064939
43028093
43012355
43002792
42979705
42960974
42958322
42943438
42920686
42913669
42905968
42902025
42896145
42894742
42890943
42884283
42880572
42855342
42846025
42811193
42810949
42807704
42799475
42784393
42769331
42755433
42753249
42749689
42736042
42722829
42697481
42696432
42695314
42681858
42679720
42673197
42664544
42641085
42639490
42635126
42596778
42595738
42591429
42588985
42582924
42572068
42569732
42569707
42566443
42566284
42561324
42560414
42531421
42518412
42494425
42486145
42472310
42447896
42440469
42432252
42405532
42401300
42398563
42396587
42394344
42354023
42350549
42331420
42326393
42322226
42303389
42302877
42298385
42284331
42270216
42260706
42242919
42241872
42241228
42236467
42236089
42233752
42219287
42216906
42200757
42199206
42189770
42181577
42170679
42152418
42141319
42126358
42122646
42118998
42113016
42093759
42092694
42089467
42088824
42080571
42073947
42069677
42060293
42043564
42025073
42019098
42009291
42002263
42000748
41973394
41969153
41967737
41964846
41945247
41932379
41930708
41918801
41906525
41896873
41884762
41879235
41879012
41844218
41842749
41820883
41817913
41814721
41810154
41802648
41790866
41760494
41758938
41744627
41744590
41730328
41723835
41697361
41693656
41658734
41657215
41645021
41625436
41616756
41591318
41581944
41580429
41575510
41570532
41569901
41567785
41556315
41553636
41551862
41541217
41536409
41532053
41528597
41523857
41521231
41510477
41490362
41483404
41480894
41479515
41476850
41476805
41475360
41472868
41467182
41466995
41465473
41460798
41455768
41450433
41447632
41440984
41437178
41426639
41424408
41410266
41399685
41399122
41389924
41388107
41381830
41362418
41344024
41332939
41332812
41322719
41322227
41313730
41308685
41297292
41296725
41292610
41280181
41268972
41253590
41232346
41225656
41217078
41179857
41174249
41166947
41163676
41154877
41144237
41143616
41132114
41128710
41118432
41114582
41081889
41071096
41062405
41055692
41039933
41034106
41023944
41023705
41020166
41015857
41014467
41007362
40999741
40997767
40992707
40925510
40916703
40906509
40898762
40889342
40862269
40862035
40850057
40826840
40820431
40815856
40806847
40801274
40796628
40796426
40785632
40785219
40774374
40772532
40749324
40745408
40734804
40733074
40727498
40726847
40721866
40715528
40706719
40690094
40684302
40684031
40673321
40648304
40644130
40632547
40632533
40622365
40619126
40616510
40612852
40595021
40593396
40546295
40543915
40531569
40528993
40528632
40516432
40499675
40483268
40476478
40457463
40430128
40420427
40418466
40414757
40412835
40407475
40407311
40394443
40382258
40380765
40371813
40371305
40365950
40357868
40348894
40343333
40342712
40342115
40329101
40324726
40297220
40290761
40276794
40267061
40263925
40254239
40246005
40241046
40224952
40214076
40206115
40157065
40135061
40122963
40118738
40110242
40084344
40060046
40044323
40035141
40022433
40008831
40004447
40000621
40000149
39988689
39982715
39975994
39970001
39963512
39949716
39926495
39904070
39881424
39880801
39852501
39846982
39845486
39804935
39804904
39802343
39801696
39801392
39794787
39791564
39782833
39757814
39745595
39734638
39724751
39704105
39687998
39676108
39654497
39644437
39614783
39600125
39595697
39593847
39589075
39585663
39585598
39559994
39557486
39545128
39535938
39528601
39528111
39505561
39502746
39500955
39495195
39493007
39489586
39484472
39481492
39462043
39448497
39419859
39416450
39382821
39376584
39368078
39367415
39365566
39363134
39362709
39346273
39337295
39320519
39276951
39260263
39259953
39259909
39249386
39246475
39238599
39235253
39232104
39219417
39217726
39201635
39173052
39165610
39158480
39125468
39120676
39100884
39096034
39076250
39074709
39069490
39063290
39062837
39052169
39044219
39041093
39023854
39007013
39003100
39000427
38999299
38996838
38967084
38963512
38918036
38908093
38880785
38873622
38864156
38861388
38855244
38844189
38835655
38833280
38831026
38827258
38825559
38790550
38786077
38767054
38761965
38754758
38739629
38738552
38737350
38715230
38712874
38696953
38693188
38688149
38670493
38667392
38639176
38629423
38627041
38626860
38609365
38607751
38607451
38594817
38594142
38583868
38570617
38557671
38543029
38540417
38527135
38523562
38511767
38492111
38485240
38478620
38476684
38475082
38462627
38458354
38446576
38439927
38431423
38428323
38419090
38354148
38351820
38348123
38334041
38315171
38312603
38312134
38302601
38301619
38300535
38294321
38291877
38290185
38287129
38263951
38256771
38240192
38232786
38210478
38207658
38171723
38152526
38150437
38143491
38135433
38131007
38129721
38125139
38121146
38091601
38089714
38088681
38087093
38070439
38058610
38055670
38019609
38015421
38005777
38004467
38003481
37980953
37971110
37950583
37926602
37923902
37907972
37903983
37897068
37896154
37883611
37867048
37858404
37853106
37841301
37831663
37818133
37804461
37803128
37798206
37794792
37792014
37788141
37784607
37776413
37772314
37751890
37750519
37743085
37735934
37729536
37717732
37709356
37705418
37700827
37695619
37688584
37683596
37678740
37676906
37658828
37616399
37613656
37602068
37585395
37577933
37574814
37571424
37568724
37545904
37541873
37519176
37509300
37499961
37497136
37482465
37469791
37466336
37461561
37444051
37413039
37407317
37384284
37374974
37365804
37310434
37305130
37289109
37276187
37268247
37240725
37236848
37226194
37222624
37210329
37204704
37192839
37183788
37174422
37172528
37156926
37127354
37121008
37120652
37119741
37115605
37113015
37086820
37069258
37062702
37057920
37050068
37042987
37039515
37021352
37015973
37011423
36998540
36997301
36995697
36995129
36992661
36982617
36972053
36941845
36932788
36916696
36909729
36904129
36901958
36899220
36855915
36849488
36827943
36811124
36810884
36810412
36805972
36804493
36791198
36790375
36783971
36769861
36708076
36697805
36681219
36677914
36658114
36653289
36647212
36633894
36628931
36628299
36624340
36624154
36615228
36606264
36590369
36577126
36569092
36555014
36538560
36532080
36527846
36522863
36500710
36489780
36484206
36479970
36472506
36462403
36461419
36457634
36449460
36441412
36417832
36414398
36411131
36392520
36391991
36382899
36365884
36352105
36346766
36331999
36323422
36310688
36290136
36286838
36280095
36270740
36270599
36257294
36254812
36245474
36205026
36188905
36172101
36172002
36164366
36163203
36136874
36136419
36131411
36120420
36116200
36097952
36090582
36073627
36064364
36062213
36045171
36037921
36033537
36029705
36005408
35998972
35980104
35970979
35970039
35940354
35938669
35935773
35934549
35917686
35907152
35900980
35893784
35891226
35853562
35849953
35829715
35827358
35826427
35803480
35784337
35781605
35781365
35778239
35776196
35749788
35714876
35712252
35707810
35698414
35694824
35694093
35693630
35685916
35672800
35661717
35657662
35644528
35637655
35635666
35630188
35629887
35619912
35619060
35608392
35572170
35571917
35558863
35555793
35544940
35541433
35520744
35511995
35503824
35497194
35485088
35484837
35484356
35484306
35484112
35472312
35459904
35429709
35413972
35412415
35399856
35391949
35390143
35380669
35371155
35346938
35336812
35329795
35304566
35294685
35291543
35289788
35268682
35264478
35259475
35257136
35248584
35248463
35248279
35246200
35228076
35225993
35203645
35199690
35187649
35183393
35172738
35162564
35154747
35149422
35145026
35143166
35136931
35127798
35127173
35126133
35117697
35106414
35094575
35084177
35066707
35059801
35055571
35042742
35028092
35024290
35023773
35018537
35001536
34970848
34954236
34947326
34931523
34903937
34902063
34897214
34890035
34887721
34879396
34867757
34867084
34866100
34857746
34853980
34846305
34827164
34824099
34822159
34810992
34791636
34789819
34787872
34785790
34783470
34755537
34744706
34735877
34729023
34721940
34721597
34716933
34713143
34687997
34683306
34653391
34645732
34637327
34628933
34628572
34620260
34614935
34609612
34594609
34574262
34567042
34561270
34559693
34553134
34549344
34547930
34544826
34530729
34495645
34494499
34485666
34482142
34472796
34471826
34467710
34462280
34440102
34408883
34398215
34393452
34392476
34376216
34339351
34324919
34311211
34299514
34292637
34281432
34274775
34273880
34271922
34263561
34262228
34248249
34247787
34211475
34203141
34181919
34164499
34145961
34144876
34143631
34128958
34123479
34115184
34075810
34071708
34061624
34057362
34048335
34047610
34042334
34042130
34040087
34036663
34032041
34030649
34008673
34007725
34004878
33957030
33955519
33951084
33938658
33937118
33902521
33899345
33895721
33884418
33877305
33877288
33856523
33855093
33849956
33822005
33818051
33815656
33815152
33804209
33792217
33785315
33769561
33764590
33761269
33751846
33747602
33743417
33735890
33732548
33731046
33726516
33713456
33711151
33679634
33677630
33663234
33662937
33648322
33642278
33637394
33629999
33612425
33605670
33601469
33575192
33571429
33560177
33559566
33558564
33558261
33550988
33540207
33522165
33512207
33505539
33494739
33481681
33479601
33469379
33468022
33454739
33450378
33442100
33433455
33421730
33410944
33405503
33404016
33403540
33400734
33384934
33348645
33345353
33341453
33326699
33325633
33323894
33314435
33314066
33284602
33283977
33264892
33260764
33258522
33227625
33222532
33192487
33186191
33184028
33164423
33163791
33162997
33157227
33122086
33116354
33109624
33106929
33093938
33092304
33084629
33082201
33078463
33074821
33071432
33060875
33036746
33021142
33015161
33012044
32999964
32991890
32980257
32948396
32946960
32932227
32931562
32915277
32888272
32874744
32872570
32868616
32866509
32865963
32831385
32806117
32771380
32768633
32768021
32760127
32752071
32751203
32741501
32737195
32728540
32726110
32717471
32708935
32705977
32702987
32688054
32680240
32666459
32641442
32639359
32631883
32630077
32607037
32595368
32592974
32586024
32574789
32558705
32534746
32531111
32511151
32507121
32503917
32503111
32462024
32461092
32460908
32456984
32416357
32410454
32404301
32375351
32374586
32353657
32348735
32328880
32313886
32312041
32307409
32307006
32300004
32298255
32280911
32274478
32265405
32257825
32217630
32216502
32212821
32202039
32191016
32188278
32178415
32167341
32152887
32136391
32109687
32108838
32103584
32058866
32058111
32052534
32044626
32042937
32019716
32005034
31986874
31986173
31977426
31968100
31960813
31937743
31934570
31928419
31920584
31918663
31916880
31910896
31901480
31881855
31868716
31867038
31864697
31858032
31854556
31852260
31837007
31836597
31818523
31811948
31806091
31794135
31794037
31789732
31762209
31743126
31737825
31726197
31717669
31713245
31706554
31698907
31664075
31627226
31619221
31607200
31604143
31601871
31601397
31594997
31594176
31578841
31566086
31533547
31522717
31517743
31516967
31515336
31502751
31500345
31499414
31484696
31474547
31471140
31466452
31462706
31455689
31447869
31425084
31422802
31414496
31410018
31404440
31397586
31394118
31352793
31352324
31345487
31330520
31315121
31299871
31277517
31276475
31276335
31257991
31256913
31255897
31231232
31224903
31221915
31216458
31215941
31198809
31179043
31168015
31161670
31157968
31153532
31152109
31143509
31124351
31096529
31086669
31063627
31027782
31019323
31003595
30988844
30984246
30978579
30972880
30968686
30962027
30956349
30946071
30932877
30925804
30918585
30913102
30908945
30900714
30900266
30865739
30853731
30845095
30840217
30827692
30823713
30813915
30803704
30800209
30795691
30777840
30776152
30776079
30756535
30738927
30734487
30718738
30716853
30713486
30702246
30645027
30644328
30636803
30592619
30592291
30589483
30588341
30584833
30577951
30569727
30557453
30555563
30549415
30529641
30515343
30512725
30512647
30509412
30505549
30501438
30483349
30477975
30464030
30458938
30455354
30451610
30431877
30421292
30396494
30387466
30387019
30378984
30333867
30323813
30313797
30308797
30301555
30292595
30290521
30280287
30273455
30271071
30250916
30247115
30243946
30234357
30212488
30206582
30185863
30159956
30143010
30139046
30131030
30114917
30106287
30103359
30099509
30096618
30080507
30074426
30067301
30051587
30036221
30036068
30034251
30031570
30016478
29991034
29977961
29971578
29970333
29968968
29953961
29949168
29931307
29917050
29881611
29878135
29875525
29875501
29860012
29850173
29839519
29821733
29820984
29815840
29807172
29781648
29771444
29758194
29740434
29739072
29730615
29714381
29708076
29684719
29682871
29675994
29671698
29668767
29634925
29607211
29591511
29579031
29548962
29546334
29541825
29538165
29536869
29532293
29515712
29488481
29480770
29479626
29448263
29441705
29438989
29429639
29423248
29422101
29398339
29389682
29386987
29382471
29345967
29334534
29334041
29329703
29324587
29316223
29306362
29305461
29304485
29296900
29289069
29287596
29264871
29223142
29208551
29197255
29193521
29172629
29129509
29128882
29124052
29097557
29078071
29072899
29067636
29061656
29056395
29051272
29045808
29026235
29021864
29014476
28993657
28988455
28986115
28971813
28962939
28933083
28929391
28924996
28924044
28921170
28914489
28867637
28858196
28853950
28831163
28818231
28815551
28800496
28790494
28787880
28785550
28770919
28762746
28762143
28756466
28754589
28747320
28740313
28736490
28732592
28725201
28713385
28703636
28695927
28692178
28669633
28668787
28666957
28652973
28652946
28647229
28645524
28639610
28635118
28631568
28624087
28617793
28599542
28589153
28583056
28573945
28573644
28567764
28557837
28556601
28522557
28512646
28488992
28476559
28469938
28465492
28459247
28423681
28415361
28403436
28403096
28389849
28374923
28373504
28358695
28337547
28335514
28280647
28250268
28248391
28240852
28232954
28225854
28221402
28216299
28171712
28169088
28166751
28153741
28143918
28143006
28137911
28135661
28115840
28097742
28076122
28056526
28056001
28055159
28040856
28036904
28035298
28030458
28011833
28000658
27992991
27992512
27983145
27981685
27980425
27971224
27965805
27952795
27949814
27946812
27938830
27935754
27896594
27892876
27882124
27879460
27868176
27866227
27862583
27852029
27841708
27812431
27810697
27804715
27792892
27789659
27780256
27779708
27778184
27776344
27741641
27737622
27737592
27734551
27730829
27726709
27713068
27711610
27664864
27664203
27656267
27633167
27622331
27601147
27582452
27576195
27558757
27545964
27542578
27542020
27541776
27539538
27519552
27505915
27493566
27479311
27416015
27414674
27399540
27359887
27341744
27338576
27337301
27335358
27332372
27330209
27321378
27320747
27319951
27310197
27307700
27304935
27283961
27271788
27261896
27261353
27259787
27251548
27250893
27250065
27244794
27242794
27219475
27201925
27192225
27188208
27175003
27172677
27164864
27164585
27159628
27156797
27153066
27125201
27122976
27116092
27115392
27113774
27096377
27089336
27089207
27084569
27066096
27046338
27044027
27027988
26996939
26992037
26989678
26988836
26962778
26950464
26949070
26936678
26922170
26915601
26913416
26912834
26899468
26897931
26897919
26897747
26880466
26865972
26861090
26844596
26840498
26828552
26823129
26814549
26806737
26800762
26797604
26791667
26789709
26753208
26745627
26726952
26724730
26723987
26716340
26709998
26708044
26702454
26688800
26687473
26671831
26653063
26636044
26628526
26626800
26617346
26593015
26577900
26565484
26565421
26562163
26560907
26553210
26543702
26533977
26530180
26522510
26522409
26519150
26501776
26498416
26484316
26479408
26474308
26455220
26441405
26432593
26396965
26387237
26373741
26360628
26358678
26338404
26299740
26294722
26286122
26263827
26263725
26255849
26245127
26233313
26233014
26206375
26198112
26166792
26164071
26163274
26155464
26152648
26148800
26137562
26127819
26084901
26052088
26035843
26033861
26024825
26023450
26019509
26019191
26016584
26015002
26005311
26001289
25994326
25994168
25985466
25960466
25956234
25952431
25932227
25923034
25920468
25918371
25884892
25875785
25822884
25820002
25816596
25811723
25796253
25794635
25770453
25769077
25754351
25747866
25745938
25732768
25716650
25677403
25675501
25654599
25636041
25623401
25619769
25617024
25616913
25602531
25596599
25589079
25566791
25554948
25547552
25527781
25511129
25493270
25489575
25480380
25469305
25459494
25457547
25449386
25448654
25443524
25443079
25442201
25423539
25416845
25416173
25410339
25410152
25406189
25400451
25392315
25385894
25374131
25370807
25354673
25338124
25337285
25333372
25320579
25296167
25291400
25284439
25275046
25273527
25271976
25271685
25268665
25266595
25252820
25246935
25242700
25233838
25210405
25191332
25189079
25181991
25176682
25173781
25171951
25171553
25167755
25164747
25155658
25153431
25153134
25145768
25144483
25135570
25135016
25113932
25111751
25109613
25100551
25094281
25088624
25082495
25078784
25077839
25075020
25072229
25057928
25054643
25041997
25038446
25023134
25008263
24999539
24999417
24995051
24988308
24981914
24968170
24953720
24944574
24943732
24926578
24915807
24897591
24875656
24864433
24849967
24846602
24845355
24814015
24810416
24807463
24798632
24789990
24781068
24774266
24751030
24722111
24715331
24713471
24712852
24701968
24697483
24696854
24690968
24684851
24668674
24655830
24650429
24631047
24629154
24618207
24605098
24593078
24585725
24584701
24570372
24569127
24566095
24565019
24550597
24545058
24541100
24535133
24535085
24520594
24519777
24516447
24511616
24501213
24500832
24499221
24495905
24486696
24483811
24465667
24453137
24435031
24424978
24422951
24415092
24379677
24361946
24354719
24350849
24336819
24309634
24291284
24276575
24274876
24262880
24260509
24254509
24251426
24251012
24226356
24203550
24195342
24193085
24183387
24163401
24153066
24147078
24099938
24082634
24031430
24025737
24016336
24014143
24000834
23999834
23986018
23982935
23977997
23962245
23895127
23893266
23890861
23879501
23868406
23867879
23866958
23816841
23815284
23793974
23786245
23729414
23725919
23719972
23716845
23712496
23708704
23705242
23701373
23697900
23686712
23651699
23647557
23647411
23606871
23594324
23582921
23546340
23532676
23525300
23519754
23504481
23499868
23493551
23481548
23480162
23463466
23459731
23451420
23443576
23440584
23431595
23425042
23414718
23400631
23395979
23394569
23392303
23392193
23391847
23372304
23369124
23362139
23350639
23347065
23344819
23336215
23330909
23311899
23310688
23308923
23280756
23276767
23258107
23257974
23250490
23249751
23246747
23218637
23211963
23178266
23174846
23164975
23154551
23116053
23081543
23074528
23060330
23039538
23034431
23031046
23004839
23003214
23002086
22998180
22976480
22972191
22964950
22962207
22955007
22925182
22919568
22915738
22915343
22904089
22899668
22892890
22887589
22883171
22871344
22862868
22861637
22840563
22836291
22834132
22818987
22796883
22792224
22787424
22787329
22767449
22747569
22740833
22740257
22740019
22736232
22726029
22718038
22716085
22714339
22697255
22692088
22680508
22648142
22643916
22629631
22628233
22619229
22618965
22607933
22601416
22598167
22581882
22579725
22551417
22544275
22525037
22516477
22480939
22477949
22472746
22445044
22422804
22411740
22404154
22395005
22371495
22364139
22352794
22338190
22323548
22322983
22317639
22301851
22293691
22291773
22286493
22285985
22282283
22278962
22263515
22256789
22254293
22247898
22243078
22237503
22197246
22196995
22195594
22192360
22191457
22170590
22168553
22145292
22144494
22128729
22127881
22126135
22118146
22111639
22105924
22092599
22083412
22077338
22077149
22046696
22042548
22042037
22033740
22031905
22012743
22012592
22009518
22001609
21989105
21963245
21960737
21956814
21956740
21939493
21937798
21930743
21924392
21915806
21905143
21901858
21899472
21895584
21853677
21853546
21852329
21846859
21832049
21814019
21801272
21777165
21758808
21754109
21740989
21739680
21729107
21722652
21721173
21681372
21674457
21672370
21649635
21636115
21631594
21629067
21625546
21624391
21621852
21618630
21617061
21617010
21605206
21591558
21575715
21574475
21570309
21564011
21561692
21526219
21496847
21475464
21466620
21451312
21450316
21420347
21409820
21391718
21370722
21332337
21330265
21321206
21318936
21289004
21276908
21274673
21269995
21254026
21252607
21250257
21239301
21239093
21236389
21231643
21230563
21228269
21221275
21221011
21215321
21198778
21184519
21184282
21145311
21141315
21136535
21125671
21118416
21111265
21097991
21038895
21035883
21007544
20991344
20978111
20960105
20950186
20945180
20943662
20942918
20927353
20925464
20907412
20907159
20905400
20899756
20895256
20894108
20882296
20864319
20849706
20836155
20835999
20830661
20826757
20825391
20798660
20779323
20751388
20750336
20749300
20748548
20738734
20737112
20734678
20695885
20676780
20673984
20673246
20668415
20661898
20656236
20652006
20650389
20650141
20639348
20599649
20598566
20592968
20588089
20586272
20580140
20576382
20572458
20553294
20523768
20517093
20513926
20512873
20486376
20475580
20474673
20431420
20429591
20426047
20371203
20370888
20366338
20342584
20340573
20332667
20332266
20309309
20302129
20282577
20262379
20249260
20233531
20233030
20202741
20199846
20199821
20196562
20193405
20191249
20183739
20176228
20172884
20158850
20157299
20139994
20129155
20126838
20115499
20107273
20104094
20081957
20079375
20064106
20041500
20032511
20030583
20014316
19978587
19964340
19958737
19946862
19942455
19934082
19920139
19918507
19915646
19912752
19908564
19908297
19905499
19897131
19896647
19894913
19886742
19875747
19873771
19870580
19868627
19864878
19835442
19830319
19828902
19819716
19813800
19807031
19789834
19774902
19755510
19753198
19742319
19719849
19708620
19704696
19662031
19655970
19650235
19641324
19641136
19636670
19631927
19606821
19605059
19600652
19578778
19548265
19545877
19533410
19515609
19511691
19499277
19468648
19468154
19467315
19453175
19435400
19429382
19401706
19399376
19398802
19395240
19378293
19373581
19370747
19362079
19362043
19344584
19330762
19322395
19322214
19318087
19314057
19299184
19293273
19291220
19289866
19271884
19245681
19231920
19231381
19229498
19225996
19220501
19218811
19213839
19213641
19213584
19208500
19155620
19153172
19152394
19149024
19108382
19107423
19096701
19091816
19085559
19079000
19069173
19060134
19026756
19026144
19022062
19021482
19002127
18998670
18963014
18960405
18950147
18947635
18942823
18939065
18937237
18931396
18917030
18914635
18911697
18910676
18888335
18887797
18881508
18876244
18873741
18867789
18858761
18854114
18844290
18842462
18837171
18831728
18814302
18804627
18799254
18790229
18789064
18778496
18778272
18776934
18774938
18764744
18761599
18757576
18752609
18734332
18734313
18717089
18712720
18703143
18694762
18694713
18676619
18668689
18643729
18641685
18626907
18624402
18621640
18616193
18611750
18603475
18574155
18570386
18549090
18546368
18543359
18542924
18532260
18521221
18510397
18505034
18499360
18490525
18479889
18478503
18476820
18458472
18447502
18426508
18425846
18414922
18396172
18381182
18362905
18354768
18354117
18353058
18341634
18334469
18333341
18330539
18313585
18310451
18308302
18299918
18267430
18260276
18233252
18219032
18216311
18202864
18198133
18193432
18165430
18133042
18125117
18113626
18103839
18082894
18081032
18080941
18048063
18047811
18043605
18042479
18037756
18036937
18032085
18023958
18013640
18006755
17998584
17994846
17992425
17991554
17982128
17965721
17948901
17933013
17916363
17910727
17900178
17892143
17890873
17888406
17879438
17859082
17848481
17839899
17839589
17824127
17812035
17811775
17808552
17806927
17804736
17802435
17774116
17759410
17748005
17726063
17722111
17710457
17699925
17681035
17677518
17637504
17635945
17628497
17615558
17614613
17602767
17600074
17590543
17588365
17587465
17557767
17553713
17547470
17545546
17541239
17540657
17531086
17513070
17512995
17512738
17498161
17490701
17482722
17458245
17456266
17450447
17450303
17440739
17439233
17415996
17410256
17410034
17403055
17393690
17385829
17351793
17339214
17339151
17315765
17300680
17300379
17282188
17276583
17257870
17246689
17243987
17220857
17215566
17211845
17210382
17188430
17179076
17154120
17145342
17141475
17118684
17111240
17110500
17104934
17102447
17095443
17092597
17073292
17062210
17045128
17042903
17036619
17028645
17004944
16997488
16996515
16985623
16956152
16935615
16933463
16909716
16878625
16871761
16867816
16865461
16860853
16839002
16818934
16814848
16802173
16788208
16774187
16761732
16757586
16756418
16693582
16691517
16664390
16652347
16640998
16634072
16621767
16617475
16600125
16596046
16595114
16593426
16580983
16576943
16564671
16562175
16555241
16548399
16546788
16546078
16532606
16524830
16510096
16482991
16464765
16461333
16453709
16450806
16417722
16410372
16408500
16394742
16371766
16369101
16357147
16335445
16318639
16305619
16302791
16299459
16296886
16264786
16250091
16242732
16234893
16230995
16223594
16214172
16212807
16209323
16207227
16200301
16162940
16161353
16158972
16156382
16135584
16115722
16112014
16111468
16109832
16105732
16102882
16100367
16090787
16088351
16087051
16079111
16067727
16066919
16066136
16058135
16042996
16041715
16029576
16025771
16015568
16010700
16004793
15988274
15987555
15980919
15979826
15976905
15960403
15950466
15941431
15936526
15932129
15931942
15925305
15922386
15919311
15919235
15910336
15909404
15898040
15894655
15892834
15879928
15872713
15872477
15834249
15830858
15828001
15817420
15804114
15783193
15768836
15768548
15764742
15756834
15751806
15746461
15727824
15700968
15684584
15667067
15663967
15640466
15636967
15628650
15626395
15614823
15614337
15595917
15592350
15590681
15590265
15545986
15541327
15538780
15530244
15517414
15509660
15505054
15483016
15461766
15461178
15444341
15432872
15425812
15424881
15419008
15405514
15402458
15386445
15375599
15362805
15298533
15297779
15285093
15257603
15256183
15248309
15240123
15233450
15223002
15212366
15206596
15204387
15203616
15196519
15193754
15178448
15151958
15138326
15121468
15112226
15111707
15109443
15097527
15088493
15088263
15086407
15071469
15068757
15054619
15051398
15040935
15034664
15007791
15006900
14988431
14978936
14965015
14932782
14927785
14922725
14912195
14897826
14896158
14872006
14860802
14835506
14825226
14823005
14815249
14793432
14782299
14782157
14776968
14775187
14770840
14765200
14750663
14726137
14724864
14719543
14713662
14667509
14665306
14665013
14650093
14637813
14630633
14613914
14588647
14573531
14554450
14544644
14539119
14478503
14460246
14455687
14448669
14447034
14442268
14429692
14410546
14379172
14378667
14378315
14374830
14353540
14351313
14334844
14310541
14310022
14302998
14278667
14267733
14262204
14257090
14252094
14249141
14233609
14220864
14199237
14179899
14160569
14156633
14155716
14130531
14126385
14116375
14116026
14105833
14101138
14093101
14079598
14073291
14072041
14067481
14058230
14058072
14026575
14023803
14014038
13993847
13990355
13961925
13948866
13936780
13930639
13926623
13924940
13923201
13921951
13921874
13897408
13858992
13857321
13849747
13832930
13831818
13827302
13819850
13815750
13793399
13784223
13779920
13779442
13776372
13774671
13772443
13763599
13760120
13743441
13715388
13713321
13707091
13703962
13676478
13670735
13642457
13618904
13607385
13604746
13603377
13602173
13581822
13574824
13533655
13526866
13500789
13488302
13482082
13474559
13456853
13450817
13442040
13436938
13434738
13422580
13409013
13388500
13377369
13371937
13364464
13335362
13329434
13326824
13322619
13314531
13307331
13306378
13299612
13258276
13234551
13226875
13219185
13200273
13195192
13192652
13165911
13160500
13159275
13156174
13151450
13146837
13142928
13142614
13079519
13077509
13070290
13064111
13054940
13054327
13032667
13030794
13025740
13023852
13013126
13005496
13003701
12979148
12968005
12966853
12949850
12942586
12942312
12937174
12917653
12914458
12909199
12909066
12865578
12846378
12843897
12839298
12813627
12807449
12789777
12780418
12779468
12775910
12751439
12735027
12730287
12729558
12723687
12723272
12719858
12712594
12712511
12710492
12686984
12678048
12629713
12587754
12582990
12569889
12557049
12540184
12534420
12524904
12520102
12501400
12491911
12459059
12448013
12433063
12429196
12427406
12426511
12414606
12412353
12409618
12408471
12391846
12391368
12382309
12380826
12376420
12373241
12371834
12371019
12366102
12346570
12341885
12334065
12322730
12314532
12304072
12303706
12267854
12266519
12264149
12249219
12237763
12232414
12231302
12222375
12216729
12215218
12195340
12187784
12160878
12151933
12149991
12147960
12132883
12106803
12095019
12081055
12067534
12054746
12046438
12040387
12033169
12033120
12030135
12005960
12002441
12001394
11975017
11967041
11951037
11949936
11948600
11939716
11929333
11910895
11906951
11890537
11881928
11868539
11861665
11860583
11847028
11843675
11837277
11818797
11797768
11788367
11773493
11769585
11758462
11744418
11741966
11714708
11714248
11701875
11695155
11694605
11692797
11691113
11685990
11682691
11682467
11664473
11663494
11662080
11649865
11641499
11624479
11624243
11617625
11588990
11585842
11578419
11571434
11569544
11537490
11527793
11521045
11519267
11511709
11500305
11490864
11481241
11459216
11450321
11450013
11408846
11396445
11380396
11366507
11362835
11356225
11352836
11345018
11335760
11332887
11327518
11299515
11295496
11281217
11278255
11268388
11245490
11230009
11219309
11218558
11200269
11198262
11189580
11183999
11179069
11178559
11172840
11161290
11156776
11153447
11120302
11112535
11108028
11091687
11077467
11075441
11046758
11040497
11027525
11025744
11020123
11007016
11006737
11004685
10999879
10995810
10992022
10991326
10987901
10987113
10970309
10969241
10955601
10947022
10910959
10906018
10882242
10875852
10873988
10868300
10861485
10859185
10854329
10850997
10847672
10845520
10835342
10831270
10823104
10822742
10817723
10784064
10775676
10770451
10764564
10758816
10739783
10734794
10695249
10693023
10689251
10675930
10650506
10623081
10604439
10594379
10591987
10589664
10577901
10574988
10572480
10566967
10566315
10552671
10537746
10531992
10530918
10512017
10494230
10477384
10456397
10448813
10417562
10414329
10400309
10393238
10384810
10384758
10376127
10367075
10363987
10362320
10359851
10341311
10335314
10333953
10328651
10307004
10301301
10300613
10295012
10291982
10280539
10267060
10264291
10261883
10254121
10251611
10245609
10245376
10244239
10240047
10218711
10195420
10179068
10171291
10166266
10155558
10139235
10129573
10109859
10107295
10099386
10085454
10079244
10078223
10076430
10068438
10063657
10061730
10053962
10037360
10036304
10035043
10026219
10008875
9994763
9985293
9961941
9957953
9950816
9934605
9925579
9886698
9877564
9877563
9877354
9869386
9837762
9829295
9827791
9823270
9820356
9794448
9789660
9778565
9777948
9777035
9772976
9767372
9767318
9766307
9761806
9757575
9745142
9741009
9724059
9705791
9698074
9697756
9647986
9639173
9631352
9600116
9599740
9536631
9530959
9518766
9513696
9506386
9502783
9499763
9479771
9451029
9448277
9445963
9442633
9436156
9433774
9431601
9424666
9417224
9415210
9401896
9399902
9386530
9351736
9349498
9343210
9331541
9318674
9317817
9301896
9299454
9293209
9288963
9288671
9282732
9282635
9258420
9254354
9244208
9236266
9229496
9226612
9219912
9202716
9193159
9193003
9191618
9186307
9176227
9173022
9166261
9162818
9161606
9158217
9108759
9084794
9063497
9054821
9030459
9027836
9025658
9020692
8991968
8959526
8942182
8935292
8919353
8912864
8912055
8904730
8890915
8872327
8864129
8863748
8862183
8848389
8840762
8835551
8823331
8802331
8798496
8771812
8768169
8762612
8757310
8733080
8711509
8705360
8703150
8689544
8654419
8653997
8653870
8645566
8607664
8602949
8602126
8596491
8583320
8579545
8579055
8570737
8566929
8565816
8561844
8555268
8553840
8527773
8490070
8488701
8457505
8456804
8453839
8405302
8403734
8403042
8401822
8398058
8376523
8370388
8353687
8346310
8331399
8329445
8315101
8294634
8288561
8279895
8277854
8260907
8255058
8252282
8248470
8224197
8222286
8219456
8210732
8210125
8202755
8195414
8188047
8164702
8154071
8153468
8145438
8136397
8129875
8125019
8118644
8114635
8114392
8081955
8067214
8063480
8062669
8055243
8045704
8044465
8035202
8015192
7990292
7964652
7961122
7955064
7931395
7928065
7926723
7919475
7914393
7906956
7899374
7893025
7892482
7890004
7889894
7886564
7879758
7863074
7847882
7839476
7795483
7784093
7780861
7779490
7762281
7760942
7759747
7745859
7710797
7710129
7698376
7696752
7692577
7687620
7686436
7672255
7671137
7663902
7658142
7638644
7628873
7605605
7605018
7589789
7583581
7568355
7567141
7545348
7538297
7534141
7514744
7510452
7503099
7497191
7491185
7486247
7476864
7462349
7432397
7422549
7405061
7400830
7398194
7384099
7354703
7353141
7350853
7347845
7345890
7343262
7336544
7325639
7325584
7308552
7293281
7289614
7275222
7261639
7261485
7260353
7237283
7226372
7225936
7214849
7206575
7197474
7190487
7163500
7162801
7154906
7128902
7119938
7111461
7083479
7074338
7043836
7033818
7012614
7000152
6999559
6992598
6983068
6978514
6969279
6960239
6947535
6943426
6937903
6936617
6909960
6904850
6897808
6896686
6874134
6865189
6861701
6859523
6849293
6834456
6833960
6833934
6817587
6816065
6805689
6802218
6798852
6775443
6765525
6748368
6730997
6728543
6719760
6713337
6706891
6706529
6670641
6652787
6634580
6615416
6614327
6606186
6599658
6589401
6566221
6557790
6552924
6543272
6542883
6540551
6535768
6526759
6512343
6511061
6505519
6499869
6495011
6488955
6473698
6470115
6468936
6464207
6456005
6439335
6433436
6418151
6417974
6406706
6400393
6392653
6384174
6375742
6368662
6323600
6314068
6304804
6293430
6288527
6272197
6266907
6264167
6249047
6247564
6226058
6213671
6205213
6196756
6183929
6175232
6161492
6147874
6146602
6146347
6140892
6121517
6114752
6095127
6085248
6077142
6072367
6040942
6039797
6034557
6017906
6016726
6016260
6007372
6004102
6000807
5988934
5977697
5968323
5967244
5965495
5965311
5942436
5937439
5927239
5908284
5873884
5861674
5860918
5838297
5831566
5826035
5810070
5807455
5782216
5782108
5774832
5772092
5755835
5731119
5728094
5710892
5710160
5680920
5671541
5633397
5612240
5612087
5584275
5575381
5572909
5568538
5542627
5541760
5532910
5524911
5515571
5514644
5508563
5500335
5499464
5483494
5473277
5454928
5430032
5413981
5411029
5408198
5402963
5397137
5396269
5390694
5387407
5383480
5381972
5373254
5370509
5364815
5349983
5347787
5340126
5335092
5272939
5272712
5265744
5236741
5234749
5224601
5218963
5198748
5183385
5176610
5172065
5163598
5161873
5159848
5152110
5125706
5119767
5067702
5067325
5053015
5033803
5032352
5023952
5020874
5012650
5003006
4976498
4955794
4948042
4946888
4919830
4907962
4893091
4891345
4880452
4868765
4867320
4865873
4847097
4824850
4818409
4810938
4795703
4764164
4733927
4733088
4720980
4713963
4705823
4701801
4695484
4677832
4677515
4676765
4665730
4646378
4643009
4627758
4614246
4612147
4610384
4604107
4593308
4584669
4582644
4580295
4572506
4567042
4557341
4553558
4553117
4551290
4541764
4540165
4540090
4515342
4483223
4479308
4475910
4457962
4456955
4439621
4431541
4422608
4400135
4390177
4377003
4370351
4364821
4363671
4343460
4334160
4330224
4307992
4284100
4282633
4280748
4267654
4260837
4242290
4232963
4215445
4203920
4187885
4187805
4172519
4154308
4150197
4139757
4138183
4137397
4126107
4093211
4078271
4065055
4054535
4026082
4013582
4007388
3996750
3986707
3956810
3955121
3951527
3944837
3944009
3935791
3935615
3933492
3915850
3914262
3906601
3902955
3880827
3873277
3853914
3850273
3837752
3829317
3806764
3803875
3798175
3789245
3788158
3783096
3778012
3774943
3771724
3768345
3767097
3766359
3748115
3736132
3733945
3731630
3721482
3717942
3717154
3712754
3693928
3691706
3689916
3688229
3664674
3664238
3657952
3652188
3644336
3641489
3629199
3619177
3617703
3616351
3602192
3594003
3570880
3565627
3553837
3541471
3529626
3519758
3505232
3502743
3501934
3499615
3488052
3484188
3481696
3460784
3420412
3391144
3382503
3377856
3372926
3361313
3356342
3344926
3336369
3336048
3329750
3327903
3317336
3308314
3304305
3277861
3264141
3263399
3259102
3255409
3255061
3252339
3245139
3231404
3231185
3227764
3220257
3214954
3210099
3197157
3196488
3189713
3182034
3172755
3162929
3162707
3144709
3140912
3122907
3116160
3095097
3085946
3080520
3075820
3072375
3072124
3037558
3029754
3014247
3010677
3007930
3001526
2967343
2954185
2948213
2947764
2912357
2911894
2904007
2881619
2842763
2832255
2818938
2817008
2816784
2816472
2815252
2805154
2777545
2758962
2752941
2740582
2737034
2730260
2723692
2715406
2709906
2703552
2702803
2700574
2698175
2664290
2663011
2662863
2660562
2654128
2635445
2621139
2615646
2599445
2591787
2580763
2578841
2572885
2546612
2530587
2530132
2523196
2520629
2517944
2512548
2505241
2504597
2490136
2470730
2467399
2449917
2447596
2438400
2427810
2412778
2400517
2381559
2374410
2352964
2348520
2329084
2323097
2320369
2316185
2314244
2313348
2289713
2288377
2284749
2274343
2252066
2196199
2194476
2165551
2158587
2152088
2138343
2130149
2121295
2111091
2110687
2104166
2098492
2092684
2071385
2049801
2045195
2027255
2012707
2008627
2008623
2006678
2003911
1997634
1995588
1988851
1983668
1978300
1967101
1963579
1953579
1946684
1939808
1929904
1926779
1925064
1907150
1900507
1896856
1890502
1889613
1880528
1876140
1867337
1848204
1844818
1841942
1837566
1837432
1813087
1805166
1796808
1794812
1789627
1753153
1739543
1733987
1731770
1728436
1728090
1725921
1721855
1721591
1717660
1708492
1703891
1700446
1694602
1686383
1678238
1676511
1675768
1669483
1646763
1638257
1629540
1623076
1618323
1617395
1594689
1594295
1592076
1566691
1558281
1556312
1540936
1535405
1531580
1504738
1502859
1502165
1496286
1492786
1492089
1463484
1463175
1442546
1437354
1420827
1398659
1397533
1394752
1347909
1338595
1335820
1334155
1330744
1296406
1293007
1288667
1283598
1274525
1270834
1267082
1253111
1239697
1201527
1165263
1138771
1137915
1133574
1122939
1092087
1087502
1066383
1058920
1057295
1047234
1047008
1045392
1005116
999913
990407
967926
966532
963699
962925
953173
950666
949580
948813
935498
933122
903456
903348
901317
884332
862572
858411
850012
845541
826910
815797
813026
811798
811746
798845
796029
791463
790662
787480
785665
753746
752904
727560
708265
676886
669167
662190
657386
645298
641835
637609
634127
599637
598957
597935
591708
586411
568861
553570
543304
532253
527740
525554
521087
515821
511160
496558
475306
466805
455531
454645
447770
415480
415213
410112
395024
392149
385594
383075
382757
366167
359784
359359
346145
339252
306961
303515
295535
284313
248869
217055
210926
207554
195576
181756
175295
171474
161230
152137
150505
141960
132911
132869
121295
113589
97084
88748
84240
76414
54621
49505
46558
41767
27310
23146
18797
18547
16605
14263
9877
