10000
87878753
59337289
70836859
93722445
52152912
13779448
40061378
14432410
87488879
19328942
38109328
40907741
25039353
61993189
74732994
5657283
44483652
64412513
95614935
7070676
92419236
53481885
12233155
76593108
15079107
26707277
37710078
35319602
37304165
48654508
45780329
11417256
41533023
97561817
63878746
74240904
87530303
16178908
54174119
9153678
14869175
91784245
71091644
1193292
42721737
39897281
66201437
54273456
4658266
50252810
6007716
12595006
81242605
71466330
10384233
10144797
89091011
46525016
8708016
91857911
93515578
61419132
26471573
53767020
5836391
50303027
18491687
44207205
2921718
96919693
34343298
32010651
59218278
79513516
55111206
30728657
30385385
14882508
75771257
67820967
70030919
39097099
56595102
17269673
55095452
58207254
45508811
35029236
22820530
58932033
83196999
58603055
97962877
87171075
16463131
10321553
96739112
76709151
7519287
6098128
70913052
39366070
61056455
46617066
95203883
47934907
38055601
83933366
80185214
51829947
21371984
71618407
66827335
30633757
71693416
61223388
50352699
97692384
25800795
94412829
74854136
40666139
63536709
1355707
30180301
71217105
33105351
23015821
86725474
95182061
51435374
4715101
65249639
22924778
3881455
89524743
52083282
81234676
98038556
21151576
16926243
71070855
96977916
48485686
74938869
51143345
84582268
25030413
52973149
31768785
14073855
56827640
32967755
19517934
47115436
52429370
4413599
31086264
23032351
27829106
71135295
49479574
36379791
25864858
39104602
13601446
39411481
15741966
5203421
85219759
3740942
27173177
18749281
41468203
37670373
56673998
84960540
19206541
57896693
84935862
18459357
68356746
60907836
31651882
65884480
50952730
49092484
5295510
16606510
7063815
61140038
73203293
58010019
23389911
90515323
9876829
27873011
862544
63863733
6541019
85339031
82563051
39035157
51595533
31528741
71224925
4592163
85620812
50849426
71036014
19257421
6260315
53063692
29000628
2735191
14061647
95373791
56193203
2277476
52563345
32562806
63027919
27835104
80904934
121225
90381905
10283130
4062221
70245220
3859250
41436456
76571958
57177391
2803241
23906735
7385292
30029876
41880917
87175650
62167068
58435339
31839906
72784682
86926174
1904364
62847865
60045949
17273768
98808641
88751327
89511925
17707607
65471782
6627611
32173310
29558921
47251794
2287272
23628928
66719994
31593932
43921529
42649972
33004291
45308489
6947659
73435729
36664247
908710
86347137
29459152
2455273
47905005
70377128
25622050
13309130
66420068
32865034
73564907
29554374
94718748
63914036
52928888
35186696
72151960
37307951
17950720
16274202
30715170
76035486
4164725
58263200
79147495
73879605
99650008
23284588
35343000
53875570
33760619
791663
96856408
38216778
81307768
56124555
14432043
84021710
42592638
32242212
78257013
4659220
17287952
30957114
50834019
95547157
30657614
90232391
55453640
73546183
41635707
15494192
23063089
7190324
3715447
26692604
60517322
25337939
89471101
97544468
23212784
24124380
2994031
82469632
59483999
58394577
71438769
5480434
82625305
6932686
11620356
89322804
72614004
60994117
89237432
41518148
32203475
99141139
51579771
87432394
5104200
81420887
57714206
63531410
25124385
69932485
56236068
74721241
33222038
91698079
10628377
74334275
61230430
97993667
5242072
57525996
19085448
37996715
51142656
89514775
45489984
49556333
48097212
9758424
34340410
10220999
7433772
23735422
56071823
90715208
84232754
5810661
84212791
53301317
38892958
79994280
33499737
46210599
38997982
93111066
44178732
47108801
30872981
19095058
29050944
72061498
81837871
73261885
38871234
51990942
58267135
75690732
26158134
57101081
42015411
14554321
37958752
18929085
46942558
14461580
93695155
64268471
19279186
39103771
29033015
37166120
77496724
42048741
83655508
14786759
55698195
33830414
15039463
21869624
47287731
61033372
39327832
45425673
52529934
21142674
35417758
13456995
63855298
50307395
51990643
58964870
8391367
85458060
78787697
55410627
41980682
24908491
82769901
2908327
2003189
4577194
76067426
80049418
62068071
12608568
58614780
41774024
12799870
72672953
17164114
18159709
65977524
46222379
50575587
16021648
1452076
15043370
53182655
66332770
77854782
85432515
59702057
81733708
33600870
14770936
44156193
48420718
71423711
54909438
26161423
12822278
20744944
59376152
82662978
2582944
53229620
35945595
12108801
21957407
68269172
16219173
60735704
41864284
3241215
4681059
98508206
57740193
7916895
85729527
38373201
68435054
32894382
21771731
69690904
93869702
68047705
94999375
63707013
96398530
53217189
80386040
89460649
83057347
85255770
80877508
34041540
47614091
42355376
58660061
97831208
26469046
29557539
87991472
76041347
75613239
39866052
39986039
10872367
29659487
77641122
59167145
85177730
32322439
11976187
57692806
35974500
97234802
6323848
62991843
92625221
63354555
90967904
94418515
16436122
41587243
35253781
77425011
71268914
91033752
69671439
7835731
19633064
59249283
29080543
84661846
62765481
34115518
73854120
33836880
30122904
25335836
31549983
47212220
80803572
5704852
10128927
12719503
1596523
44805129
25374914
15223281
63972054
40129217
96893563
48075797
21574827
56276044
25651281
46782172
22686245
30053626
61961964
65675781
71435903
50040747
89779298
42504452
44975785
25695636
7477602
42409406
36694766
99267126
66099501
27826311
49876789
54094628
45694350
40460072
3326878
42249634
48047743
94630249
1190062
1533741
49929449
83336547
84087845
17434447
40128275
60974648
51072894
65781131
24747821
70646717
19668676
53931423
23526933
66093540
68400287
33649446
37264235
96619685
38304031
88341497
72147039
18133320
30967093
89050667
92406939
70289668
29266257
41251984
24814506
30191041
83880569
26257604
81649998
41794094
54271841
55960279
40149945
43469519
61291610
10042375
27932394
93789013
66918655
87566394
52499797
92133034
72562198
27862446
74810781
21217071
22793497
20988536
24247173
59402294
35658685
65263039
15049949
50406974
83896728
34842300
84818021
97470144
836435
32366643
19032099
42689248
34950757
7851359
77267847
84358537
73548810
21753934
90283858
58031905
50151811
2210270
93499835
44010725
97704645
92841264
55088860
72145139
81040350
36681069
62319026
87657354
1897442
41411288
60962708
77556291
30058776
41468744
38927822
53729614
67050489
48226195
95524576
32023819
92710262
26916249
81069602
70687606
23953413
25380767
45992084
26148195
84294846
65760146
90823006
25108297
76278078
43975031
44919993
27885353
74849947
39598616
3507266
70414736
36867966
51177995
87489556
48461763
60209117
32792362
7137738
98741056
89475841
68823009
99482652
22675223
69801391
27719627
69887263
12209249
85992164
85102806
23877055
10480309
2894738
89743904
1844510
70445055
80001450
5808914
56085532
3597012
44921791
13282075
82895589
78797495
57385380
10801740
18498341
1916830
73223477
28335305
15536836
34138664
14524946
58015614
30500025
59768816
60672663
96166954
78921863
35797086
53465172
37167277
81828782
49501562
6102955
82344247
51619813
4340980
16829050
53134421
97945577
42375411
16252943
91446108
9814172
57073817
23247895
27652520
5176941
91452884
81094016
29329822
31207032
61048097
52615191
66156719
17369604
92833715
39381175
66308161
54877273
5859667
36788491
89985525
72393963
29899336
8511443
36754307
29889266
65341734
29716769
56179540
7389859
84398255
79600830
51189212
47498183
19190030
90109632
87795463
42376148
8796527
16314632
98781905
27723446
40455070
51726967
52057881
67535330
19313246
41284913
35690051
61668117
50154893
43048897
12005594
1169559
25894233
44026187
82918092
99809563
33490929
54020296
76978659
75119638
21464196
1066625
97312667
64012839
78471994
62414116
47578341
80629228
57622388
96691675
47264726
48476716
89289784
22970187
20529983
96503790
82168698
75477332
52321651
72787263
55599176
66639911
47822876
9322316
39906553
26541857
14774810
96245779
97431903
58425604
91131285
34408186
87591542
44931239
63529590
51823588
57935510
21718746
16339477
33845587
36822480
49666457
45535756
15159591
86125182
79431314
25295871
83433638
16462030
95711284
85539965
3007975
54209602
38189270
34689101
53752585
8359410
79953281
5491403
73389747
71569268
13908364
18239413
6052507
41330234
11206701
20303615
7159447
41572613
13332479
43176829
59723807
7480134
38445394
83307610
47502941
82641085
9050472
15462164
34181518
89261579
46810941
18128598
48459051
48709955
91732302
28857878
21298194
99572732
89987344
58655158
11337280
87077502
3727343
55249738
28563325
64862567
11930582
22123364
61202250
64309468
98080432
19103699
66643262
81388640
72990296
71274189
89047728
59284437
29263422
93721744
44181845
40129401
18532814
59418135
5923781
94035634
27028710
55990635
29969369
74056747
78591299
54269512
19577772
64451937
98736460
30011153
59307013
69250978
92427585
47431491
85227648
35065076
1983100
47953499
26419679
87859798
23657492
98576696
1060599
94126596
34558732
31427420
92536574
63368613
39248585
93656158
46762630
46230813
42815172
88546512
63719909
97786971
13649071
98541216
43598562
77694439
17066757
14454397
29134620
90217677
67683579
53751953
21155905
86155957
51820255
36685992
62373338
67667202
4347871
13786065
86954688
35625395
96311180
91854515
51145985
4178705
60722991
13398957
43897575
33520587
94562259
91999637
37989302
72379807
24674404
43053232
10876168
8072205
89538423
8463285
15303893
9774388
47399322
76968307
5714196
14956584
92141488
96035671
34696977
55746766
5540565
46695629
20443932
66436165
38762603
56458917
7641463
61437152
86766257
63723075
51561095
93471815
68366008
90998291
43219115
1149616
10449219
37641050
86641096
33519951
55900333
58894224
11168534
62494397
93339602
54648604
19224594
23897600
333471
96841420
6072282
5281949
63110831
9975552
82203999
38021093
19686530
73496466
50052156
24733317
36477256
20006144
91187637
96925938
26377163
72412652
17233386
59296346
28841807
74873996
28712594
94383354
57816347
26448532
44408893
65254163
57764233
20554669
2837475
21355691
87622312
510965
14051427
57091776
63437973
23222907
72101352
9351253
32197901
36058023
16769559
56873328
80034765
11421885
42290165
32194443
80909319
64838214
89351747
47334891
17904650
68108897
86039783
77944440
27356497
17256951
5308610
43905752
89830892
60099603
2918343
27517537
91653511
43253506
34397978
22986460
64578804
4662826
13978856
88688569
75746524
29450591
71326431
4959935
19646858
70798001
64580996
28878788
37176072
41310477
91368730
93123230
78203078
40677693
86113178
77179293
61340593
68352408
59048674
13660367
21066635
54658019
49117084
56670510
76073265
93348136
59211023
42213088
54145625
65235057
46278185
57238121
32698511
47095807
40553376
40224231
89120727
99263176
11246819
86964170
74792955
98414125
40893768
39541519
96220412
33571307
79805723
97788150
1436707
39005695
91586373
84025868
60726376
56812088
64776165
42904836
83648329
27107165
52298080
60464620
5284417
11885003
93127889
73419195
47588808
45506067
21788867
19896933
86295208
44623621
92910937
24063958
34992276
58154963
19141637
24927393
23147684
46128830
29576889
66413336
90150097
924510
60124319
75940387
1798418
37590165
19831757
92422088
73638805
11230483
38156954
20615494
41329139
44543079
42618153
66943446
96242276
72077550
8195891
82574447
4852266
12882399
80874359
3655611
74361096
19786410
16326350
56293363
95139977
75267241
31332328
65161196
5677016
82020234
85800026
43835986
41945784
62682045
76413489
84722527
6346356
41308156
85434143
3341632
21951827
27429831
94466148
85980793
52818604
54635560
1307780
83394458
68865621
89872031
99337637
95732596
13623296
67309849
53442887
29212490
48410015
96832100
23995020
65782783
3226877
13083643
34314813
26169013
22715455
29519767
50987171
29863099
20188759
12072642
53625489
6632749
16746427
84018270
9880932
34810065
82706321
65679644
25051927
24140176
64885634
24054720
19498146
82420911
40826514
88554879
49255205
72470018
23666778
53038980
8879160
34672845
91964264
52091086
15228173
74271087
27356508
76716551
47965809
99608045
43190324
58157772
79576114
28457549
57842894
80174636
25792386
99571008
60816607
3868003
21958466
14902459
51125763
7549256
12680972
78401634
84191280
14014836
84864531
8082679
20600836
18657438
18332537
74474260
34177367
69502906
49892154
8886489
55405988
96461007
21800362
78758959
31915259
36747252
25212495
93950647
73554
29787488
2537296
90305071
35792243
79864151
30474869
36540655
97028793
80530988
22021350
48526672
11879592
14763527
38217879
45436922
67277585
35694688
22766362
77693980
50008276
99358232
12370814
1304498
50435751
5802348
74678822
32094196
73144593
94967882
61465762
67811660
71973889
5864946
31898723
21172188
49119344
82558604
50776160
42879009
11828648
38865064
72672798
20951453
83650833
60019194
9683962
1634360
19954808
43465652
53464427
52739337
76198250
90835930
87509640
16863307
13945859
98255860
95110283
17593844
41516224
25955793
24413881
85253796
20978531
69166404
73457688
90272293
27279993
32258386
22925592
73746443
58112910
44211363
28871442
70330459
29689542
4585216
71492907
17514669
98997000
36881370
9572999
46667562
80484318
77880972
6177439
77043384
73209724
51598068
21889362
11766078
7264945
76301118
77396319
56040443
17714849
46003387
36048471
8072793
42396129
64905264
38549312
45267681
51288185
81582601
28130330
12979736
25858396
19255037
58927015
70806929
3210683
16789896
4851094
57751362
10215394
32743249
13977417
59115768
90490896
89014862
14335696
76584513
79598433
78763186
19658238
10020638
10502496
79607142
20815454
93621510
22550760
91326822
52755245
87537149
80836957
52784170
10099206
70645610
51466134
90477890
38946399
26075331
36829714
65825545
81734171
80843994
2347214
23757794
31578355
21519657
5234191
81529625
60474422
71852766
21394839
49706879
39105030
14477659
33476495
70581395
57721475
2405572
98732266
3367781
18324748
6267277
61325483
88485656
72787117
98429567
27991131
86887373
93216926
25050938
75831652
57770071
68929587
48758927
917586
99554186
59996308
17051315
89157678
30033785
92579232
21862518
77845464
95770077
76573783
34389614
75196742
5750897
83257084
87950086
34825114
93218898
87011591
74984510
47138022
6215686
20306542
40765355
93204653
87965316
54111726
27211123
11207227
34505534
4477405
93919838
22429489
80302888
77040724
79420281
28991651
21871750
53685521
35056626
6342368
30859953
83160480
24404591
29545875
49644462
13481380
15483880
49284407
51002499
78521709
74744560
57685814
32609187
60234166
36637173
33289120
51924856
95028224
81175518
95318948
63124342
28355649
23346675
22384369
99298087
17740083
50953216
32271924
96167457
95342210
32534745
15197976
58213444
52604362
81022914
43656792
62770710
91395265
73072889
77573054
48721915
34425816
69022303
47996166
83414652
58526855
73198757
95749710
56864796
93505167
99753804
37396616
35252931
28558582
25414648
66988440
30730882
43481772
36572326
94077007
34967513
32609249
81851739
17071113
15495686
36023133
5120770
71324701
29972524
95123916
7720976
88403239
34270699
14457168
43774932
92931473
40071512
20387583
39653844
97483725
6989962
50797640
40831582
11179010
55258644
82653256
83818848
80480604
38522047
4159071
72625099
39975973
18129092
92056603
26008667
52362709
55773257
66445542
5341679
86254820
45153488
94840628
57858067
12738454
97653548
79569783
89291984
7964798
80391830
89061339
62651128
68833319
36467644
3726001
27714032
76658870
35379870
30672507
73290168
90405723
9307371
66646198
62877694
27004857
10692705
61171233
99636100
74644651
68623360
3215707
89050718
5613318
4447958
94542375
31142601
45452946
44267969
95564966
81301948
78975860
24826763
88739074
11412593
147535
15236300
19282187
80214667
40977186
93651195
54243093
17836405
68553554
78727069
75699081
38528813
39987193
66859890
75709423
63553873
85963069
37350011
33931909
41026344
85456897
31884454
72827987
70311846
69005627
79188563
12151324
52070809
17047983
2591199
52362245
83425306
82092054
47593011
55991103
566226
76071675
95607627
12318499
52228416
38384211
51416817
28796612
41610965
78748630
66602462
80440719
17903648
42719546
90993450
67559778
37523988
15096146
72843741
61593267
24917916
5226368
88063664
42045728
61596841
37264023
23986669
90936490
67267028
33230625
48011782
36165562
47320045
25456510
25103437
41308541
75035717
11350394
57872517
90635537
56916011
98433367
19593868
30798625
38969914
67647676
79649367
83232141
96384969
74813772
34797543
12424017
99891686
90332248
53134152
437541
83824161
5764697
27876642
71639405
63234329
56529378
63406385
66266974
19382779
3189703
45984387
59323151
25269120
31172770
46283386
11823992
74095439
4328367
9841219
13022179
27820777
54646728
66078434
19947940
13953464
22508011
24055198
87372554
13631701
98119922
20614058
58295540
5188821
75568758
95383125
83885325
11989377
90600329
83451580
98786656
62523263
67187240
63987528
87863067
30981647
66077469
31166319
69487882
705142
1204054
74155142
46052402
34848381
49665978
57904134
46015661
94352398
91626157
10597099
45084761
41794724
9107184
80256005
1995727
9836009
28341599
30399788
59771658
21340251
80133633
24635906
10322224
73406665
95653504
76394743
82604420
85608570
63640427
24789377
80208774
54899739
21720860
94860917
89938326
43889761
28074179
64568592
99731838
65925280
22415205
38507872
28727577
81435455
2457754
6160292
99562906
53973113
97152777
86086008
43402034
42500402
95751132
76756209
68736610
42982254
758413
50728961
77052433
33091845
83002859
9427272
7263229
72120618
41515072
20916390
2478019
71619366
41834844
31511329
84931104
97461465
56340500
53772247
73033549
17560596
6346776
36931180
95970812
89812046
4972419
41571215
76839714
13329759
96085077
23397965
82059664
82288299
74305607
60250642
47411889
83743997
65410456
59035606
35874168
66308402
9180038
72479497
75758241
6083730
65430969
75067627
76071479
7761832
19639741
23477521
6676709
33727971
94573218
37450843
68854924
64658055
21135244
33547695
82322638
45542039
38985531
52731110
23289410
79019741
78846259
24948778
768199
59492614
79425463
87309237
35477922
25943951
10739534
23857601
13041235
31680940
81666883
75744110
36772970
28490607
23676219
3163990
18678661
53990280
3615163
87328004
77572592
19393098
35569194
63524186
52927497
25931897
10236653
73716188
34516435
46255590
82375862
5884603
54078313
71732842
15686550
90990305
28329576
22437787
81019303
29749767
91793209
80135630
59898127
2760632
27195332
55071215
44384536
29727756
67209034
62608076
56651622
94085136
73058569
17061999
34911292
92990645
71155974
64441627
38912337
96114137
18575962
3112866
79719797
48595147
11605933
53057636
69673786
44052174
65385893
14681049
53235305
65448193
2091518
43540141
22715215
85225121
38898717
60514617
23573091
41988190
76024977
17040177
33984090
85545658
46475282
67284017
98525207
46522082
4188387
56312472
8098758
75657811
41825931
77122897
9360031
6751246
40099048
69816432
95589145
46740062
19694787
96652583
75780168
3261865
23179413
11914861
47697356
62288266
38851201
12909976
63349636
34848468
4096442
14841283
80785721
65474637
38141391
27643354
32299284
25356645
68159276
64916895
21883419
70136518
93277344
27132422
60780107
40652296
90113785
86753436
27277777
86729699
7519078
55273448
19640556
56464545
85736003
50715053
29996635
90386458
13239955
74154115
54247190
34139889
92266229
10700002
54005192
71175329
4639148
28863348
64202287
80273531
21594466
24283137
50986887
71040757
1399106
81949975
24735435
20186918
81672589
32210127
72634073
68787486
93035531
5105204
24191750
27931161
67219110
10861458
16237650
21697792
93995510
91392649
61929912
66864085
70262783
51230226
23888161
15339421
57037796
97814128
15813523
71819645
43180162
46717756
34215326
4268838
5289319
95680647
45752067
11272928
73626471
49895711
74493245
26534202
39230389
35363334
41949028
90629547
56375483
20784345
95423998
19824810
25797041
56404542
15901928
36320472
41224687
9506762
99369966
83231921
98100137
66633054
29440312
30737211
17914248
9408783
51627845
45119074
44815167
17550967
60006847
48022740
4126371
7244055
13080401
38007242
88502929
52700522
86205196
91640118
46217697
68738532
46369053
93508617
75000982
48185644
96653524
55684135
4695288
11228738
72043162
90262357
5314123
94642323
4482422
6729820
87044600
63439619
48431278
21205169
97748248
16725909
321286
72020200
29303293
48858636
65256806
67480523
77926296
41452715
54771277
22866111
80089057
76228806
84429902
22424140
60731816
15866045
34473780
89205606
61465138
95095869
43387019
88303752
10361178
432089
25121690
65158331
32467811
44163833
85974596
19683673
14097475
60311686
59193718
53833573
2335255
68656486
93805442
97574303
18289212
36628351
89278680
2426189
32122870
68542036
96094346
97377440
35332223
86424623
65598751
26226761
36017757
41493212
1327189
44186189
5440718
58264608
22766461
42474436
93678317
59886011
83402667
69200412
22099450
36859990
71580308
27352851
42828739
99586546
34430743
58461705
23803398
84515642
43642579
33109707
5048014
57810993
79228828
77121772
69398706
98820473
16475616
19319352
28626088
15114602
53729777
85287466
29676335
70289447
40506906
46591701
79204819
4793994
91852464
69665910
9282889
49122793
13931813
87928925
50360640
8191276
97179060
35377968
92375876
76347892
37066229
36394976
98981270
44534235
53660817
52982416
19518265
95238211
8203212
90591463
47913850
22341930
33942517
4349860
25091256
94007088
42192166
88188568
51381487
41831590
1814851
62199514
36918256
89990755
33168005
34104939
25525131
75253903
74383040
72939672
80103080
97527744
97300117
4798930
52227322
7170237
39965238
76837410
16141526
16205773
77095193
85028599
52082482
7546147
86453447
17784512
40312446
32651177
9151906
3235173
92360004
31034086
38539623
25968370
4222025
81116059
30653179
9573950
76254107
81399526
70660655
24980774
43504885
90330069
33594820
80272736
95159087
23730489
77448326
12513327
3469688
58573791
17431987
83307924
34480371
35717874
4046293
90156927
80232086
75921114
78609268
58121372
18189435
72465212
75294255
34135260
99379
37122951
84113421
16806355
76106925
28873875
18983990
62171670
57149596
50929850
62077538
32505510
98850041
86601143
34096679
74179316
35901860
83221432
99899156
13421331
2901095
38965655
2669002
93944666
55046717
57497241
17410810
21442824
48009586
29247305
38035376
54159462
28642547
95691178
3566557
19997503
63966089
54345955
99362051
66537728
23610732
33082234
79174195
72006386
91603632
27093173
43353819
66223650
61322201
37449723
28235032
66840974
50829701
81272895
91857348
95374279
83127547
47084783
94367141
71852599
40059324
30494955
20229110
69571664
3321116
8098434
78496886
65203147
52342471
52012123
3940723
98771667
95538480
25261004
83215607
10142892
86225475
15470802
27906552
610710
28309751
39164317
75332818
16188550
13529942
91900439
67003787
77218478
28919496
74827982
27818379
85029086
78364968
14645959
72053759
34337926
1158260
98513400
45934890
46002453
53270806
97825794
93430469
17669587
89686107
58055495
18352769
5841452
82994243
78049759
51663326
889372
40919717
6035412
35064166
66476668
27282880
21586967
63397573
53030125
56351032
63507899
8317694
1903410
6946379
36449500
72300716
64553314
88720091
55726538
78579940
4667178
81630848
44111797
53354837
56507544
87387816
39494025
38459079
81829275
17122025
31177450
2750316
94174250
10524598
1744900
81398746
24051348
48306756
80011986
98138414
5353173
1696923
70421628
66101024
65092936
11832832
2518796
22783416
21738470
73837873
36460027
85757563
37408171
52164274
22087024
91011149
8221962
69260485
57377387
76033279
54959060
82961430
94399566
16955001
26688926
54118800
79069099
12445424
34416688
34531021
95525955
91737551
15729574
90346021
14474695
22679167
3714165
58025970
5131950
12822960
82681085
59264828
18077764
38713106
55788771
52850755
1069983
3875423
682337
78502903
16759853
1254833
91746108
26851935
66360513
82707782
99974015
16078737
75999574
96155387
50173069
20456813
83820953
3196719
73741072
78866453
84375281
8751013
65031849
70776097
6314266
94360040
70933687
22689165
2548860
51001185
43303913
65032181
88598378
31160185
91485731
55849920
38977443
39741390
33462180
98098705
6193506
246261
57381814
58994806
44054405
74089652
36780900
60884523
63464202
24456079
13207726
55561434
56096664
9929646
80689869
928872
40171831
32194416
89816712
37861991
46855181
75254805
43645631
21332482
75251462
51561594
19902241
15268742
11157347
69117639
92747816
23405110
15689923
68630786
15931090
92187843
9467297
62967824
27130760
49632451
80660123
78533149
72840583
3652665
97232726
7657955
7687205
90201091
50315532
77863434
83072647
32164
99114073
82872100
25310319
46011741
34308863
34885355
10712437
74230326
7146485
46481057
35694088
83873693
82873344
52222902
72209088
60262435
40124137
36661016
91352190
56602224
50728179
50863144
14805895
94189171
16073325
11215693
59547559
96507668
89023815
78789668
82763689
41389212
22780211
94581533
50721574
44146424
73129096
97597874
88677760
81702639
9720320
49184268
77416587
93063902
33617603
97644444
58077581
7290067
91426137
60733627
58082086
25599151
88929318
96439643
90615300
17621612
55022195
36215881
52003426
6592810
77076692
74138311
46756610
404492
36073283
59823494
20311382
31171343
87390154
1201866
6147307
3964834
24384629
32169850
2032091
32588129
62581849
54116092
21419045
74794760
47339427
79046057
56985420
3576585
5503877
81179631
21272630
32724431
18688002
79379490
43764435
48838090
74358884
914324
27712514
69982713
70612858
49520686
26484693
14977382
54991410
25460217
71529886
85448639
70656707
71751218
33768931
39483237
51517115
43222092
27970571
11866707
112659
97172517
33923922
92251346
30533482
50250978
25071034
86870582
52582248
40883620
65750089
75090925
4839678
25061555
44246962
50939800
4806013
85888387
25952244
3572374
19973050
61413507
48635591
30579667
98258689
89833324
26819373
91460612
46799521
37319847
81521181
3651589
65730947
85563102
77351110
43046905
67760392
86190639
48804106
90049615
18232656
65573555
39837761
99456910
69869453
97764818
13732341
20224564
19906583
58867945
74951333
66105169
55423039
25937636
45792975
727862
94644251
18784095
72020416
57700666
13143436
32441157
16229201
24044701
83465031
52893379
62111491
72268483
74028854
37108992
20025600
66862082
71793268
4936929
9303748
57006381
35232108
47424272
93605824
3025939
49781666
75704335
28587156
54902438
47065546
56055172
75351903
85466282
28673027
91708252
42479870
30785514
43153879
11419888
4884334
10017571
62948381
43823833
12975310
44780186
7233
52016616
1718612
67556759
94921545
45148166
24809413
85670996
11924726
76952062
24842336
49910623
54314102
70385989
58409033
98884681
39325662
62345583
61008220
54379271
60101342
33161189
99451779
43446247
96708034
27925625
32652498
90255768
37051157
49032977
51712247
64536015
47260344
21322518
36805653
42637276
73961903
6200784
49816702
85544221
78720278
47404172
1307825
26118406
60515676
12795349
17430847
587736
89156807
5060101
98610145
1453275
39143730
99113663
5544448
75340023
34655105
81072431
89258795
86911829
59759495
93562912
78690288
95031902
31797559
18649998
41974060
75878477
3677084
34296929
94406354
41808315
29541839
39562757
23036000
70658470
40184565
36521300
33592076
77860385
14374378
12466873
22164805
78103063
39348242
17959435
84750109
39216858
10246477
93533269
9175858
10393974
10017020
3598163
7585398
26765754
97113149
69838172
95136218
85082166
10590414
92787680
15475109
76895998
63542735
45025538
88047400
17933938
76449836
53084411
76590710
58903403
93250573
8234943
60460304
30027694
17414735
30337626
13600598
76541774
43105901
94312600
54943347
44265787
49552412
51853158
55686434
84536973
78860273
41803467
72054065
37258716
32691061
78047502
92635455
70859989
59599612
47866464
1151503
38487314
97399205
16275454
13188502
75071925
67193518
32072647
2427903
75622975
74060965
99421382
56482774
42648346
78246727
26522244
51025664
72713842
72520353
84534872
73228562
48087424
75096308
25078941
98106521
29785506
31647459
63663073
51624615
4632798
77657089
29033273
62280102
52030611
82041126
65300191
54092787
9192710
74472520
41573297
42102018
72312762
29267433
42784260
63795799
48594447
168303
87632892
47300918
23740381
91540284
58505796
57861762
6228739
23348018
79103037
51686215
18133295
4595514
13599253
70060035
45253344
57113307
23995094
97961286
33727300
33382156
22140614
54528165
89620392
16794023
93846594
17250870
82585353
1769525
27682430
24561409
43421201
93960626
87509934
90206073
17452948
55353997
14590262
15444073
34111250
4061099
9509114
14739392
6907029
18154010
35612869
86276597
26882396
34589035
83832999
7065675
14417570
89687729
10447575
42029931
36870519
88093236
8810974
3010535
34552750
85568024
11883621
54553929
38247706
90991909
60345993
99827440
61468016
65945865
82171390
54044954
28838136
76476483
95531831
74983510
83467893
94433870
99660287
26302201
79303178
7104769
44768313
31530584
27743034
390115
35601031
2905555
83757602
42490944
91859256
739723
18238323
36966343
26315210
69353673
44429381
50334006
83605814
18866760
54944365
23230956
68376844
75268320
31553561
1928591
12084391
35047844
28594984
18200955
20852316
68962499
4352357
75298024
74348844
9457042
35102608
80554569
69293043
74167117
50125682
24307546
74146063
43706818
95440904
61633091
91015860
98683941
79415759
14082484
48605065
30837356
14312467
93446952
8620863
73271964
91299766
42427558
81281664
43570702
64841697
22430158
10752918
46580124
84597550
58605818
21253160
83479771
47959561
99860951
30241077
48936019
83542162
79843221
50317532
58618196
44127149
23740047
42450227
4587494
65833502
56363491
73449469
51652934
27006681
6879567
89352130
90571365
40088756
52958189
10684079
35877182
49462742
45597610
27047451
30710980
98682613
96948520
27607510
50519318
16547787
25436476
72550842
45590144
14070099
7604952
27650960
44747309
8295897
81343193
52239738
66827607
62019273
94962568
36628516
18381696
44668559
69741956
96362459
4757541
58953569
79628258
2081812
32090276
53955174
85681492
39656357
97889738
78218137
1773323
37642705
10330976
18544806
6179658
75634588
10111666
82481264
21703472
49056325
33628765
98652892
45558956
35882481
76647012
97793438
9364467
64633633
87364410
59697087
85617001
52024521
17613620
38519610
90176754
41076656
2612464
49768509
2980262
58694099
41370094
74091221
48054130
59482016
10386511
57065210
68630124
42721007
95307558
49176794
93725976
66848500
80897815
70717063
17601304
36717136
34458234
51196838
41943317
85567773
79632594
82238233
17516554
93721232
19741691
66337970
86154044
32711140
74427795
13550204
16967863
44373945
64443776
90280387
81300976
33663404
6697780
8367517
33641744
84030241
45628566
11300088
58181579
97275439
57717930
57959380
54413800
51701167
35947105
90436139
2605446
9661628
88828824
4091346
75745745
92066266
79286927
47765751
73813354
78770334
12664125
48931805
58383756
61821818
84696378
54378592
80883560
58050866
91341908
6352064
81854738
90010442
44137306
69950961
60483219
33724626
80354436
96978568
69049544
52695969
96671517
26512320
16788120
34852500
66310549
17543184
34023532
17635011
21819727
95439288
29877879
16083094
84338779
34708445
84477383
97891805
90821025
15530005
24655261
54768959
89276454
58552022
59234096
60098947
27560321
84904942
19962642
47857852
46971953
29413854
57460346
6976071
88280012
94337350
98531682
65886373
46283075
57816397
71146947
17389495
24875906
67827694
82529666
44299905
55353746
36448987
62268755
85935075
22400353
58253885
40857281
36777120
88166294
83582585
98545526
53346622
71238899
61003366
45834389
65486212
53139537
78309160
74706430
52132456
63587969
42075378
28718035
24066248
90133580
65741501
71785695
40809795
57968633
31480732
73087897
43904069
28751427
67745093
50837266
34665310
14628014
40382887
83353343
44264924
26397503
58667091
32235432
78339737
17057165
76773213
96201311
1059888
78422432
70597238
65822404
46103173
4271910
70269265
77229497
40678447
53233482
89162935
59029726
14990060
71517861
56520603
14545799
75981365
17086976
83201212
93746061
67740805
72603038
17565219
91045901
46642986
11583401
67903231
8207031
46856630
6524479
70848688
89224440
83238378
68601069
11611969
16372696
71298800
88353366
92299602
64147156
62834131
94897283
8024855
42888668
42194183
71714877
4854107
4318884
45934912
22787094
98114869
10281376
11838603
14675083
45504767
55744952
99432548
51899784
53935602
35772711
93704465
56390956
74941271
11563900
70432695
62236955
12716555
28597779
8251876
54581313
93747530
42870498
82237676
85252266
76634532
87406564
16942220
17229784
1579181
37771683
97973036
91337470
69890088
73317674
70313014
63827566
28750230
24146290
45346303
11334138
61552483
73666694
5010390
47473094
86023340
34616806
54569770
23430687
11313157
22984260
39104407
25458561
94280953
58408621
24128363
69034137
76516475
4504287
60193775
38532490
94317193
57316702
81666762
51864038
84481967
7246519
24427891
71567167
7441617
21901539
10436354
65765830
52502315
29146321
97129013
62943470
31751091
81123937
36791327
3773948
93610172
19309409
86025810
76984065
78162321
5009179
32263017
12870160
87949935
89312381
57636339
58262532
29418446
36370852
95289133
49550888
78306988
58228787
64956140
89980497
72284845
39915633
32825337
52192664
98033331
30785001
91833531
14999821
38492509
96525207
39122029
47743427
87737269
31793079
23378568
33946838
46357436
74375737
53244324
72810102
52528244
88758569
18683268
52007733
54765585
50011657
43761118
15089867
72821750
50195606
29892003
19227569
77076929
56885460
1894638
2731582
15146449
65602557
56760229
68343865
11853776
22649850
73156253
83461008
19520029
60426004
43943148
20002590
29772194
77865547
58444272
96571796
94067713
729842
58289800
70454495
61890139
47572403
76120851
77787136
4491383
42652304
51999617
94086
40381384
60570272
10956639
41972203
73239735
1076986
22748473
99354958
8286892
24491798
53131937
48183434
96632679
10489078
8777347
60648414
46479856
11526363
53408942
74006868
64227959
21676158
47295672
78539071
51923958
52962088
72098023
20471713
96483924
54156089
43641070
79222379
63459618
50159062
8152112
66276465
1509074
12176886
51533595
1761550
88048980
44990430
11777930
51819229
88154358
28030908
1011904
51936735
60534746
26720962
20408646
65511550
42249867
19689458
55725175
17541029
69352235
81452316
12980109
57660847
17164056
98930881
30105451
65571536
40099419
9613166
59404965
84964477
69121715
14219684
16311456
58188608
80025645
75199227
77120570
25533116
70597826
62758352
1726102
50395791
24921896
72936765
32397976
91411320
80927908
64773094
31471525
74272275
67919631
43118399
97847689
70789837
78274259
53124633
11233828
73691224
28131508
85151722
79813720
66756061
87607541
61253819
37890857
69971657
26876651
87064087
90874914
10043741
39698687
84845271
95679118
32470237
39667252
4558838
2183793
69753345
21151818
98212686
58929528
83510237
61587528
24721931
73217249
23751106
47843396
29581734
42706821
63739188
94833061
74080481
58117164
92246196
83019299
33482089
72541813
52984786
32553429
2498863
22587119
13273847
57162433
38678239
45994976
41333782
54828534
81367571
40927753
84600821
74947717
78735469
93616718
64097861
32076494
27205265
53827674
26023414
97000959
85630186
73520085
64111748
91145318
44162956
42513478
45985216
38772382
92852415
51259899
98624479
11350793
88739294
14777927
15913920
40945828
46265996
55370885
63062980
87591176
80725573
59777649
25593601
4537159
74959036
70519689
86928666
19594422
36342858
62813352
96171246
36030610
8740151
19035593
13225654
23592821
55540310
25464834
97132948
37282689
70986782
29686074
50771439
12472004
37124524
34398076
32124653
84339825
17738825
39286098
49172878
82876332
66895317
67721226
34640236
25942480
52821217
15688288
51901268
93408503
22957792
80626342
61043404
84869802
27646042
35511574
86540000
38803993
82554220
85346535
9746389
67877002
54963112
30569749
24754333
47130279
25661275
22659394
85443500
39006404
7493745
65927943
11113745
27728592
74547124
1838593
96287181
44022804
47467414
99078324
26843829
77400366
3620610
73867663
30535115
66199099
35263305
55644176
87063072
8791018
60030277
62920096
82704509
99596287
53454250
16244005
14728761
13899262
88694073
69892964
7007015
724659
98146177
81913452
86245061
3282968
82023302
34268606
39081165
63812643
56971671
44818413
26664038
2059623
45091118
54689326
16715969
52748965
5685204
53048377
57906938
49410393
42440246
40199921
10269460
37832083
13068816
40070163
32312043
10235910
38985319
41991805
50174845
57385073
31378757
55931748
6162132
37876706
68323762
34708829
39990244
92420237
64499863
69289417
33285268
77051873
93949055
15040538
96265369
19319771
38752078
78199768
84324793
11818033
84783355
12687534
36642288
28885581
32561098
70229993
18478286
59876401
24480814
91135660
36429508
26050296
17745925
52986881
64505083
95119434
59503215
18953508
80977429
39530698
60270117
24681525
50893838
30613460
51853694
30431463
38621905
7498374
59236928
35135378
59242182
11960097
27512394
9279404
72804980
53313132
21731908
99048812
55985421
69699950
10013256
21914442
47749636
23400365
50223284
96258462
925035
78556211
70187476
12154618
7501488
58274716
12214433
1132322
51840228
38317110
28407019
17561697
3160060
28827952
40581651
89848828
13547533
79503939
44052572
66660287
17982794
47028305
50890189
59784303
52315396
92658030
62589747
94045087
50675000
59280135
22935071
2730227
52845730
3711309
63768546
56408283
12594702
524410
10152230
21567581
29021190
67944582
31429264
54956475
31077691
38253670
40738496
53695798
65372503
44000926
16426881
76904361
55820711
48176738
66536712
88682796
4830301
33191916
80497272
80200860
93405513
47216946
23619350
47143209
95436363
47935769
13499287
68569933
28837708
5553651
14936953
39899489
82809311
3673227
17411854
85998799
49744831
13436638
63714943
5668218
83850409
88498093
40021671
70541588
53871237
3765232
95022167
39689369
66233132
86247407
83693568
53285260
36529421
70081720
50508195
51312373
30648093
30722799
21015032
74154970
43724560
39820820
78587384
33160755
56684788
6469407
58874279
20094025
18474309
78310559
54625651
73714361
1802659
81402600
98972141
13195142
38943457
61017631
94040143
39395517
18721809
46817557
85895005
6490319
62547272
21337383
48011566
98386345
49470903
83179271
51016224
91035268
1421375
16373456
99094919
18362418
44679813
67728883
69533202
51821286
83130771
56570919
13520472
64402734
94417116
60595782
67941936
14016090
7814138
7679177
11517471
30422020
5745233
65437397
1806876
86517641
24673187
55986870
41649331
67723083
97869953
36684154
61541712
92264762
7666369
55329122
74668413
13757680
46353959
52625239
68280900
42721956
16455929
49695888
15779635
60288243
18456898
965831
37611670
12946864
80692368
52805734
31190531
32726684
36501240
66938566
67765263
87861088
44296884
53600234
34900203
22075312
18939270
75105614
5341692
34191694
34014268
43624890
15919766
17752840
22029667
56686844
91351617
38562043
91388877
75286196
8270589
19848856
18253686
13331959
36972835
86041194
7972895
12957683
5083568
21911236
87545590
84980966
63024542
47092013
69990640
40759615
32884860
34170507
98691413
32810871
91773397
83321324
4852693
63957210
89567196
13989876
35242838
51893181
10459880
38083348
37340137
4293208
61953877
20852666
8472364
43581556
8420414
2477599
77543969
69120726
63729601
68570147
36311867
20111840
82261268
29605044
31399861
57237194
76348456
53911685
39245534
3752927
16601567
10337682
56331496
31124549
21807768
66432736
55344973
9448038
16818115
1644539
21004586
62889037
76508970
72888215
43535241
71649141
18186821
88332045
51833672
12487875
52225576
5919780
91142873
38053713
5480685
38713431
46082110
63889635
90692343
89663064
46373712
50777198
29578102
55839106
49697997
26416732
91235134
26333575
25670500
33030006
8447955
87131607
60308716
61387163
60236651
93804966
71788157
44163923
49174555
42646807
23924160
43374247
62782873
56950851
57195293
51708429
86008868
64634322
43810473
78650568
34185835
67157214
46000121
94122506
98532709
71617593
41247890
28152526
44331358
68083712
90413091
5831146
11352161
44455971
17449098
66064801
99963318
26399788
28192552
27279623
81085106
53724853
18246504
1835400
99347962
81670251
66023858
62730345
41578112
93546986
84233968
9380166
92129705
2892843
1317663
7553958
82882028
8094951
58064570
72705780
84478864
19373468
9115934
27595775
1264839
15129566
42632925
20265535
59420163
4375760
74041393
43289785
28351134
70897387
67249173
38504558
59349712
49966663
22180026
36860028
26392036
34444839
3849702
64143706
21898663
90517409
3563234
4727102
94253266
1611236
54563833
91102015
7627617
478646
62061711
76221688
69657411
28439751
79241654
98018301
54421077
54250550
71313450
91779903
22862751
30106690
85881549
59623241
76416173
56575384
88033265
58088554
30973597
17363340
47935034
61166302
3081568
65893896
82755612
13711588
5195637
63661861
58474487
99222167
53790275
14685326
19089400
34867433
10544579
14921360
47756640
25423149
23953766
81683600
15612136
54382761
60608047
15549882
37479943
38631896
42989471
70877072
34515656
93900709
49918636
87583814
97676659
43422247
53017850
66362021
49752887
85637062
17737939
28160691
23882760
84002762
22835579
11895065
12618433
85608311
14420402
41369618
71023131
90882580
19368021
19109943
26813669
67275713
64024597
46400194
43801062
1640332
85080475
11202593
39360131
6015030
35565081
68350314
73194731
13201843
39199738
6076234
73285397
35076398
77857178
22694434
59428848
72136679
29724685
46853087
76323795
75316384
93113544
94684808
39148444
42875664
95664984
22592832
39008416
18923670
19919086
42489646
55377274
25577585
19643887
10670170
2513240
86860547
65754176
866213
28712657
66327753
47315054
90535538
79055078
48845199
99620410
69711108
12025242
840365
27374508
3716808
42181431
33542275
92551382
56676800
8335242
86712763
86487395
57640722
40632052
13241086
92270266
93938478
18358524
81548560
24756400
70463415
13432972
3105046
81861148
85448180
31176485
94197793
58291230
30429015
6745610
58330246
25254379
52509537
23577564
63338989
43689894
82805499
69218231
37969188
36459925
88615766
28000766
87709206
59187674
38761980
71491708
13460000
83156593
12769856
98922255
4251482
30055715
21737082
56769170
79498973
35645591
19614302
27300789
75654284
81526200
80484099
33062639
42349539
51353026
16936239
51302964
66073586
65826005
48603565
11206520
75886641
21426805
90443492
94854654
52378538
25564739
67811530
49159408
31180534
8118920
39718701
64705274
87641997
78145839
5517569
71630122
21050489
12567514
5481121
52813086
24985239
82139647
9559145
3673324
58186926
53092285
62231234
3421059
18356706
76711050
13635065
12906648
69862091
428649
90221374
96334331
3824817
7608042
7731294
59140992
20765399
68205191
91140341
27056616
11810836
18429387
21436188
97945723
84983548
59708310
86936306
7796169
22313266
63004665
79912319
83062052
11036460
18208207
22317898
51430350
44147755
34284413
62971063
24886738
7047754
63851192
16286885
37030996
67999291
67438232
62178114
22999350
243448
11741074
37255121
64403493
71762807
77242220
50179170
48074806
94875062
85156441
22360746
74760934
31067478
51218973
35489611
59941727
54153702
25379312
89422145
14450681
45141989
64844730
32502612
4720147
30195972
59243205
24353531
873420
88520020
3744574
6887747
96477777
16667129
74235640
63894302
2789216
37176888
47761009
45241735
11532720
68669299
34331347
48252933
76977263
78344363
43219327
22187009
18135018
78214321
85478699
18926824
50305929
46791991
83127695
50775970
7575071
33719057
71943141
27459583
67205136
6620971
97768608
98904320
85894309
15836002
79435458
56552795
50073058
26788031
51173010
67034291
71872258
82575049
53959469
85183183
3908896
23301424
10285570
98301974
70106230
86896815
83108266
21150136
27762014
75642562
51709050
31921076
27291949
45147667
50031655
87463291
29577264
15382838
21317898
53345415
77654007
32376115
58026049
36239130
89659859
3099707
74457678
52193753
74854695
38018905
66771794
41349409
47555196
11586782
91950723
93086805
68988405
683866
38557384
81335769
7532406
23603968
17360664
4308656
36333955
98960637
83695908
48841602
82215197
2262362
88882934
9729512
23111261
81547105
99414427
61504504
13669235
6340749
39504732
29115912
60607513
70360855
33811004
93528339
9471685
34044238
68569094
90383863
6154617
30086
92951579
45026972
30695076
94084272
52992529
13890983
51648535
3231701
19376590
7436448
91029546
90591504
71492031
4070089
68946586
56092257
94221145
77648787
51351899
82651946
83052050
69827529
38042353
54798734
7595336
22932852
80802302
37247074
1616872
64787639
18297615
76489835
28344962
49912298
82554707
5233208
27555081
74609260
44705579
64670333
77188411
73051668
93991817
34095243
90819150
89169920
91832959
36649902
59976183
8748417
1377208
90885125
92494554
67443564
27108354
34672169
24234107
71684735
57824997
39646696
34737418
76143849
5836960
91920295
90875191
85053375
69921094
11234831
13997194
93664870
46895596
4848250
61157496
69778434
78375111
68742366
36461255
26377255
80422725
1334094
10965871
9913410
88183181
62080369
64090014
48914023
24363513
88492919
75468761
57070737
34396917
65537602
52647424
64657298
12678862
28043849
10280665
78905762
74964814
66725151
47433464
51915883
93139470
11923895
58975057
80902063
73986635
18853411
98760250
51251760
62293231
74528085
47472584
71125564
4890862
63662601
86553906
27953572
87866875
20063858
39679661
239328
86203491
1269514
552509
25889146
51009236
21139152
84480892
27872530
88111632
41157676
44555382
63260305
71162478
33264204
95408419
56476079
48398294
18004895
95433291
85910271
19232421
40994418
35895207
17063084
60397631
36993940
53284809
42542300
13690819
30972354
23206362
11457584
17185562
67843771
94239558
63003717
62304352
39762999
6255031
87125000
18525631
73114941
36546269
58694921
97040557
34200390
76532139
25457442
5222909
81685994
90632166
98586879
25176339
46543214
62248920
79905437
8956785
95596016
26735195
27734764
90614718
11749897
24810279
61592201
13131451
80067667
20875994
6434184
10297202
82671865
26465201
21619297
16093402
37405438
120998
65302513
35315660
80793963
11001551
62245862
64653996
11053332
67526379
37064371
95170247
94309302
61858015
91358176
52117826
78980850
62499100
89940778
4828460
16524322
36863630
39401965
96763289
53241342
61348898
23219422
97981503
40528662
44791086
88908638
46724334
97153319
11442134
30891308
84364753
18199295
53609328
87405520
41753760
50066379
4570588
12278100
88986257
79339488
54604679
83886082
97728889
85331536
17023457
19520699
9183805
99320684
95307404
40417296
44288956
43620789
38777828
82495232
89096199
98250524
72677538
88196116
1428300
84769509
45891057
31061561
54366556
77296013
6781496
86358495
40213223
6410369
54087561
52897890
37988573
55676721
52258669
52072255
75553831
51757189
65942677
77117418
83056941
4697872
54198378
61095434
39253207
57691117
7412393
6342875
11971835
89979176
48883767
71929828
6309328
76286268
56166372
44654340
20554831
49847211
21076581
86032754
18859099
18652051
72350912
17530426
62644243
62683938
49344144
67020665
4978143
80897977
67400612
24157055
28180325
52872003
45774736
8276241
68840013
39785524
81086703
26471842
36049939
68118513
19878372
5999345
53263513
63927663
111091
45519810
62986080
64817344
71902363
82690947
84293926
81554286
15015165
29823406
4980471
40257512
7648989
6619698
14622970
21815715
81558630
54715665
28225687
65037966
92103377
66695724
12087852
52830430
31205464
18119403
74690803
41653451
67145588
89471894
74039498
66385253
23232681
61987526
38168772
42389962
47147696
33382102
26675515
21830580
93584658
28422554
67151363
68223992
10638786
32742267
25146837
14055284
11242133
34962527
65603805
38257175
2634679
98177515
80416042
82200743
30684631
20212415
21671110
32626863
99261845
13992410
13933380
97360913
56001992
55916370
22305987
75567142
79599991
98581299
60331987
27719268
1854429
96244090
13150920
77745807
43650485
62747120
87445001
7448506
64156084
97420969
92595925
88777956
91650774
72727326
24140711
49335899
84552412
5680561
21178651
34123070
89641451
71134956
83296107
49284309
63125296
79930995
8993369
94625876
14407317
83500444
45295856
74755840
49489135
84263935
81639757
61293111
3515591
39089837
75978671
51491654
27177342
6218237
3422659
99922718
68623636
45771653
52356005
86203256
8106373
16822518
65599683
65805259
95680025
84084112
19870428
56463341
51109075
59251412
2295512
36921020
7798600
70039426
62606552
22446000
89471293
43140519
64429159
19176266
69453872
26765888
79383707
31242773
42386263
55772567
73698220
51465311
12803323
19102863
11690443
36351708
6906826
32186235
36901812
53587805
14518479
24642716
38106162
94071758
43803554
26528660
8249983
10750839
95006266
79450876
96483732
79348077
18059470
1122643
25198367
8597376
93627870
30225315
59256220
41424688
5933496
82220336
99401587
40882416
31750152
90720008
11461987
66999396
98942381
73466106
33194463
74472120
88764123
80322925
82438079
53314192
90732922
55000861
89213470
33284371
23365964
49183227
24007274
9943073
71524200
740571
33469706
409963
76714243
13832241
36164792
57341849
1021852
71806552
96308987
4106517
77367285
38268372
56820820
49899410
28880742
66090509
46840341
16228707
91715639
57872985
36325708
71643735
37873680
58646521
59012273
15034456
49131876
57219457
33013859
61094611
49842242
95589540
44567978
53979141
68975521
16059291
67926123
49700652
79269105
51777994
9930560
67897678
57968904
94796962
52780323
41039417
32253073
60636492
23248096
62444715
50650897
26702122
85817304
46708914
4308197
3557035
39842558
13287186
70769214
3446489
59214273
52799945
64382378
64179513
3782346
65238577
5768730
219617
86028517
73537927
43479811
34548419
38875769
69322402
57667172
83775909
24418801
24018204
37568862
16218970
37420901
71342763
44433891
85905041
74499155
10212614
94259502
39469183
98566708
60412370
98118198
96936907
40260225
15837359
66139835
59723741
76705759
27672389
2911166
8156995
83954247
48849135
88934892
1878870
17281590
71680736
57721941
7681351
96562040
82701722
91133373
78978048
39514174
65799252
89287542
22217372
65599327
56376307
91717059
44260197
62202248
7367865
59494426
80369617
63754458
47693757
81867014
27511846
31804002
73807245
88929624
68753212
35806691
19619384
48302337
94264774
60946555
62550760
18928540
12368353
89275656
75100750
21237132
34220355
90087261
66331246
20469242
65116208
93561358
56048570
99389713
75904454
5162710
34017848
46975733
65446735
91173816
61926109
25935939
14048653
23928625
20984272
84550078
23380339
39700601
99481512
77538880
50371543
96075742
20253939
3149249
47062383
85272457
72201147
38315208
11455609
65647331
69068963
14474254
45102455
4824221
17167777
15429124
93405786
19283513
1767389
96014814
72486600
557883
38434515
98110974
83687688
29685484
4328411
22681690
4704183
96973684
69522914
22150590
16525097
82031018
39951058
78274142
59396170
91969909
30722542
33705654
15580254
6394887
51591555
48271821
46473566
30676532
84696413
19569909
66370299
59268783
31384850
68097989
35607574
59468086
67512416
71509059
27608993
85472085
79562755
35920319
46150385
89999656
42196164
14482965
24165001
74968311
42503740
11283567
29048535
79352790
71730213
63110422
92279596
88761322
5486729
90454243
9394184
73699237
57080435
30683548
96223106
45567157
78631659
44605252
83341468
21830572
44154472
86077006
75018759
36340649
9015978
71380018
13444377
51986196
75935317
85346004
15948
63416269
62851854
20705181
8873030
25233224
913525
55733581
63210671
578175
46907938
67774867
7340610
75988263
74429604
79884025
36350611
101603
82214882
793705
93975680
59506767
77905178
55919419
89507113
50788354
37119434
69323834
50720559
82833946
6993318
33814761
75049376
78007613
5226134
49900687
20537409
61858290
85878385
92320150
54958686
28624225
76323763
52210377
1308156
74900249
53874252
29736005
33079422
15319948
18570406
35435144
11860189
3161853
88502551
10957743
19361225
77596342
91950452
36335660
49544496
51536321
50320316
85291795
56445928
75750532
22846676
9809464
10898851
76569224
93104591
71415855
49835884
79738549
76933023
15889450
9304509
49901754
17379790
93613535
57488395
69485916
77119708
90656773
49608190
65195838
27860883
55114123
38216468
40871346
32702047
2055612
11763212
5328753
15911536
87096654
4670730
41936932
18251204
81340196
76887857
35839303
65658381
86511236
33666021
12663047
2496333
47088923
80896539
43010282
90909175
47091770
1388887
82626550
12788711
31590182
3594896
7486404
64937088
39298709
46213431
88791
10066021
90696073
71067548
45810610
56819036
91096895
64229070
19015431
82804130
73829827
60011856
79153394
73730330
79350372
63319228
99856680
85100846
33865432
96049454
16959978
77260389
82420940
12504744
23288977
95519663
3945948
33312986
28890596
56507571
35450412
93482995
35317853
90934797
94206381
49954197
63413612
18274236
25554088
73476653
8993178
55845423
80837053
99134133
24589780
32315384
11769383
85323496
11345932
50714051
81098875
26142473
12514837
25165549
36976635
13741888
29308054
28623201
63389592
76001009
50786330
26821126
52478960
65766457
76901421
9610516
83811398
49002118
35346977
20352342
74800334
84219562
87765738
97374716
32187453
87198243
86718649
35269735
76716258
20824181
10555049
43628706
41839629
24076080
24582052
61900544
78965771
6744889
95265345
9273150
60463121
64856815
67717765
91833989
96669300
16588984
54125120
13353708
26695946
80465603
36649515
64454496
54866672
52256680
98693830
96593831
57587773
41697819
91015151
42829958
33493137
76393886
31663315
55217790
78990996
80452874
12973415
85230352
12417804
35923541
85979449
23082586
81911065
76329516
7284322
34570126
45521387
95040122
57335038
17210698
40657107
292965
34516736
5053541
37551019
81571007
28126425
98456364
48126167
94219158
24454724
71706235
43243849
48863199
94101532
23654189
92411935
22350939
67627396
4409852
47166920
68508887
71235636
99635301
7847526
7653744
8127374
20253690
18668501
19280756
79417754
50189732
62942506
26149434
19083881
12252205
99184242
56519443
73263818
29699106
54699155
32190136
68956675
27996186
29560418
16883471
20694448
89635497
82759384
3024315
20885047
34532718
84539316
20435032
99815059
740976
14926436
74262312
73496834
73719872
87612590
33946147
51583345
52599485
2455003
52093373
28190916
63359647
66010101
57091240
36974938
39397382
52441523
20401801
64011506
16156043
98445990
69833331
11580214
35942686
36315660
44143878
77119376
68673862
96681431
64131744
87977214
72186804
85807359
35929249
38786896
3142817
84623260
11905819
50875241
63308585
71053435
18682125
97697599
54504365
2633360
87101629
72841090
80226686
8759680
9096870
29946193
32861934
42078850
38061270
71947945
62520298
57408063
95298520
34089261
8199934
74156734
21768311
46659845
10583640
99480435
95356475
61283877
38746183
7362844
93090976
17017933
72072147
71481343
43114976
82232604
69438773
12559804
4813083
2314895
43137185
21771423
23070718
89732567
13449986
6574896
49641115
1981758
6211749
44408376
34490113
29059327
30549777
89395306
17454206
65077436
39716406
88108060
46136735
42501571
35730544
23902129
95962687
40183855
24496513
95237187
31511163
74273510
29637096
87608956
59701617
4916290
91167550
95508565
29527170
55908271
45118412
22600680
11495642
11626295
6197287
86174477
68407289
75900159
58163298
29242938
33949702
81186393
63055519
97289792
49941748
59395198
18824336
44611219
86290781
69895358
12571487
16269466
22215849
88374454
86954801
11938760
86243237
45334512
5612573
16150492
19315167
14274427
4391995
30027019
72179312
44296140
50213263
14016819
83756891
9082868
87880607
56947420
81969123
31611091
25312551
80904160
3046936
57273410
20306301
74679130
79354325
15964079
37480832
85707358
30455472
34766961
33322268
98116606
44543535
74210714
12004429
44531888
99648048
46316362
46258642
74915413
55587351
79823106
54803527
76568714
21979988
62429486
27793833
80088122
61766468
27768193
69788262
1769861
63537108
71067653
90425228
91544751
29218695
84157712
47658341
47679355
2618948
63861504
2788410
12789585
45885804
27927058
19760737
6788570
27817656
38090653
86603334
40889096
49963645
95974540
52881418
76509296
66242079
69151041
18311674
47212905
80448137
35761844
55647679
65103117
96927249
62346320
16737217
67238392
41868530
11719342
80390791
35516929
73546115
56909716
25986951
7198515
28406771
29714
59659965
7009857
20247446
67738211
16386351
60366360
35075929
3933862
89023724
84583879
19344249
42485706
65533707
73601940
10832152
28089178
44151078
42866043
73496082
62140855
73066989
95132934
7483850
93263215
82816470
89655982
41967079
99327202
36453969
66934982
43404527
21395553
51315928
76455416
60628860
21001716
18610341
41020768
87019135
90490361
31785568
8965644
21375766
99119397
27962296
41087216
32980788
71896473
29096169
29093316
74878628
26441047
1998298
80389061
91757965
75871666
69302343
41469819
63246395
37807712
56527901
99421257
18037360
44713964
51185541
22026377
87792994
11695379
9553384
12255177
69502202
74256240
20431930
28109406
92074775
26217522
13901482
45933731
78362577
78356333
45624433
16438684
77815897
9958487
17890154
55901162
50529558
79692460
79028050
62370865
76410262
40053892
99282320
54868102
69471174
119014
36763703
18399302
16522817
27944169
92477195
60759420
88226080
92268064
23770810
29399950
1615747
19835405
47354808
4980919
22805614
20433733
96283914
1844806
60165309
62165091
94486725
82051995
25845050
73979077
27317632
85031407
30121546
7100418
81881169
22556482
7241682
42676708
79102022
75530389
35553220
98968326
28317842
81829646
56103848
88864543
23137937
79615278
28724666
37052370
78304340
87113477
37040360
46971815
18396587
68888160
15918219
37195310
58022266
10142504
34388569
27805175
11938025
51895742
4095201
78987531
63436016
92462760
68147810
78222592
49747768
80952641
654082
29374813
38798111
93864622
23339199
24095331
92966883
88471456
54673386
17763924
42817255
65660708
76225102
57990855
75128763
90133172
42735841
80696298
12241062
76239790
11704307
49553199
2273728
52574490
71227918
22540423
78289614
26654647
33900927
68747505
53914629
57198533
85344562
71108417
56851989
47320662
38224929
48192163
25910354
24237088
63406729
22575074
39388225
17281882
36290749
68113189
49632980
41448705
4754811
18687947
95432730
75885771
67624258
52045988
20314583
43841156
3801765
71821401
1918208
20363443
37883083
25676075
23580765
76530330
2019937
38554214
9481277
38787829
40544042
85418034
73884673
49393623
86480840
95405569
94729209
80068740
43402289
10175284
53067917
92607695
54770661
83503235
38124161
2720588
26667471
1317181
49916965
58496783
12226450
56011929
28297018
4773777
26886611
87826945
54516974
97033863
74340135
69870044
56128621
33687199
89487345
80850654
2017180
75519205
46412041
39420459
48587989
50532361
96059227
69692651
5694526
77484855
25143988
10180546
28080262
16679640
23103235
41599208
84163659
20272364
1383628
15100369
99903405
18217317
91519333
19281340
48801196
49657583
68547425
91348752
92073520
86597306
29888094
86698960
17584731
29369199
2732375
10024076
38179887
81723078
31167356
44766317
83433415
74454198
74193079
95266480
53868540
33907360
34785734
609788
93251867
40873467
11457615
14330431
44736758
63628751
11566565
56958398
73588245
29401114
62732514
55389638
15743848
11953456
15263034
9126245
25315596
70174899
17565915
22661569
50477661
13416955
54831924
38365861
76133461
99408378
81691187
54677870
74766337
63903247
79993612
40713112
73295902
39786326
99954189
57398800
78420477
50240876
84808873
32587679
43493237
77438605
94020909
5481244
21188856
95447701
96221771
35527186
9996821
28836108
7796305
22431127
90055189
16592956
67410014
20105182
91253545
2595755
25338647
44567701
16043043
40426611
36494450
49226748
17351963
22723042
85048041
22973086
48129247
85906754
26398021
36919371
13796659
3751500
51457575
76079492
40741479
5666141
3622505
22773565
32021118
1735178
11992190
72054727
39197395
89106268
26858468
67806571
59233371
3843906
63585070
15316911
66268044
41597615
88961488
43212013
6704027
47545817
18860459
52138162
8395986
9446958
13967083
52581150
52729870
42397234
96277458
50032835
73175431
7022343
32575378
67273503
178676
62113657
53797544
38410165
48057408
14822750
17989777
76372795
22794150
12926925
79458138
74190524
90545186
49777382
14565582
94183182
20406896
43778910
13736948
34369466
33592587
2448977
81878970
16824069
86684265
47286586
40935167
28808431
93160477
98519623
92723713
99743646
17080271
96503666
91633164
5884718
4811929
59288158
55481838
72786815
13889320
19079367
92204234
80384170
37843631
9364783
44436608
40547393
93745212
82638084
67451446
57326353
73375655
46893953
46466327
69637786
49692561
51100878
31081989
57093488
4551298
24706877
93214787
86175023
92494873
35864681
76216400
91880485
53288722
78812806
40772627
57220930
89346604
62041052
91863596
57403863
53906953
11985465
31224053
74524676
12678642
18426723
63008940
14065716
4073100
15913396
79125508
96585027
5275136
93781523
34870135
7239161
63827280
90807705
56620625
20145842
59282583
57114426
96967165
67287667
7073342
97507829
59985791
77860619
66300396
90716864
20244198
62036875
34135091
2557955
47377617
79586256
39937382
29554078
51200075
20326918
58932051
766577
93474419
68848462
40122275
8302652
46272989
63912840
98023425
91634896
89687456
81637453
75732935
3407160
23901685
72513940
61640565
23965618
92693486
14207098
71961948
57266423
83425355
42333307
98149258
41958021
69817058
38990964
99239368
74372859
24704957
61359114
35542317
96962106
49542558
80398356
2151205
61497043
30134883
49541478
12055962
33324617
86520892
89106514
83905263
9495609
32401894
46049636
57402
25641624
10348077
609253
36532204
42403494
61077715
41577283
9044707
65178717
12211638
66644599
15716913
1286503
21087060
13332644
82436041
89329917
10461789
28943632
80073261
40143882
70263702
7383331
46424142
63200647
22010332
33775892
70490397
89428647
57262019
74258397
60914336
52605508
89551092
21760502
7441743
47667038
30582348
13045990
87080378
92051072
1076018
65019507
28098343
83063818
21763328
55134296
48777783
74457218
90404730
8813059
79135916
91557127
26973208
65409683
71098150
36701019
74504693
70183884
90065967
63437708
89850935
68372953
4884658
69919748
84859063
58376779
63356228
99877870
95116566
75616329
74060878
92122856
81247781
46611318
86064674
75679188
11289415
37520897
8160468
89788120
9217546
99376654
10813727
18602805
79751251
49141967
48444839
69728530
75533272
87426674
10300889
67842722
39820832
70323657
58784725
22543811
91983744
67384081
82677591
34594862
39188054
57068984
56133329
64816701
9811170
87696730
97139476
83905545
26713657
59178008
38276138
90381762
17553089
30032595
37617363
75016077
45186867
49224752
64227700
52412062
51570624
50034591
23570092
85151067
36226303
52837242
11544627
53353721
14797763
88257701
24809129
57597391
77182251
5910362
82642821
63936139
60631763
51219501
24511469
30075091
68860007
98983404
16753371
49802024
75674698
79735442
58917168
90797033
5489625
45900624
56566522
6345420
95629546
53945447
30610970
77275386
4775026
68109773
73498399
92987031
24554549
32565295
69904569
82260008
76419815
80483001
78473962
66926056
94464017
43980675
1476898
42844619
25510105
47507427
17817731
63943810
40220825
27943747
93461755
69926481
30871636
83799045
67374356
95436396
22249647
10827834
42558844
81946004
14648745
24654716
22132344
5624057
21451937
29396293
15591461
6378241
6751810
19592761
29303004
97943594
8101623
40277726
64135476
38346379
22630147
47055029
26565537
48664392
84006725
86485181
82414239
7776580
66273364
30382432
93517996
23425407
38361494
30089411
20683291
19502377
1611994
84862415
9968404
54554319
94172608
41355393
14862452
89095016
15943058
50246039
36958402
41587852
20651964
11260680
57101107
80399930
82359486
36505261
78525562
5384031
94291677
65070025
95352686
21533711
41553633
71740334
72602730
37842794
69973098
63488193
24358963
70067372
7428795
74191971
84130083
15029261
19478027
62392102
6101721
48796793
19661055
12649580
68284330
86658916
19651336
34951024
24160840
58066458
42505273
95421671
90575362
92305286
43846716
29022539
73630703
56414994
12307986
77866608
72628562
9358623
99207505
37939177
57832184
35390738
74228724
80247776
38058902
95905498
52197013
64736957
8240635
67994158
55460029
57405093
92286073
58138316
33254277
22603656
87455799
84543255
77392372
9560203
58545344
46265031
93709794
47879255
35408924
2006547
97136067
13971038
53775981
60570700
95566564
63557318
98258594
38071648
20685722
94308798
18167428
40969854
81822176
39773103
44225211
5686318
38622012
65942788
10340104
22174036
42518909
84191527
89933545
26613076
34196403
77024269
69239221
16675300
11352904
32560468
87326637
94068109
32885066
35973988
43438706
84308107
17998401
98132367
11452778
56181949
58320285
78755583
95982224
91425870
93802930
10255847
17171706
26400152
17194340
981404
56730706
18442410
43402602
10399714
56301550
13321147
7407475
63456876
55418433
44704192
66541111
92773399
78792283
15215098
59343658
69596062
58504295
62485135
90408485
52690190
47577498
22072695
81108294
40035310
49284947
31699356
65361643
12396399
82222684
3059412
33260742
66499410
83037075
34984528
9089424
28833644
59720199
29191304
32812133
25132143
67781388
36195543
18259228
94595078
17017130
21993507
47610322
35146584
45419338
8961103
9633022
74939258
41282442
79375643
39415978
43286235
47857595
37305508
99349086
80004620
7149586
38959458
45146583
40893018
61606259
31429442
10023310
16116470
48604583
42878168
36635614
32017633
57954279
99288737
40437602
17477679
25667753
75743599
86813258
44662027
80233909
69332027
31788804
69896275
43435948
27564413
9757214
25007069
840309
30587001
24873376
80705246
32289183
12593827
9744928
45951922
90115370
40918187
69456633
28963209
73524094
89951034
97902931
81929683
53349813
69371145
17249219
20349803
93122367
79912750
60612075
22878556
58777478
57134947
33819215
40681539
19806607
69894599
21912240
90379662
60804438
20459255
25769959
48753664
46235293
91463851
52123259
22543523
35072164
57853837
29451505
12188007
47577853
78028599
48145992
98952918
95634514
43043540
18840994
33967739
45136235
47256812
61557529
63478041
97158532
58961831
76842985
85606651
3263462
99048327
15929500
8244934
42794682
30722220
24554457
23185952
48226178
90371854
80707394
63815489
7841965
39720564
71939252
31984232
92723932
81573351
15833420
32022332
30486390
43028246
92759136
16072230
40925453
62480570
12076534
43530551
42420998
93662185
85795563
60606227
8280463
30757311
82866113
55925600
18364911
77821384
23189862
53193251
21926249
78733999
80701323
86211811
73402129
24087839
98058295
59303769
49874334
31363704
64899565
55422548
15394975
83575961
42873520
7259477
64305835
84636542
21041430
67851473
1612695
40414772
72792973
80357347
71680662
12435954
65919255
5830129
1001882
33752845
22184860
35986112
74215638
94232971
5338712
2454693
66800323
11481139
64262843
54214744
17722651
74958275
79688877
74460587
52919795
57598288
15417840
48160563
19469496
17722946
46798906
29759014
55936415
96349680
78829117
421479
31376702
61226286
35734824
86714762
68014108
32650426
59618684
93755679
89905020
50260876
80803540
11355368
72647942
7036902
61411170
82541619
99445250
85198292
38555897
84068421
1105191
40637379
92507005
16592717
57154779
75072383
59212802
60490644
51923203
33431821
77157817
38457367
36926215
71323169
47374979
83250548
11362042
85041787
35157204
3652214
53106437
29462607
33067651
31621577
24013202
46577838
42383305
26082502
82869604
38832251
10140703
60884191
55162216
79680636
24458249
87256747
54208816
70659184
73704357
7261594
47776213
78534451
37862687
87802571
82120113
56723746
58348594
91834095
4454463
83319638
13828370
12627879
20272340
45999101
88177787
59289000
6011830
41500911
17098392
34250588
66965044
9958106
3045188
60249901
67911740
82454648
19768562
95588081
6286483
92327002
35759525
82568149
40181999
50755820
15730951
41013396
77618757
9459265
76211760
28393968
41214441
23746711
43333145
84621024
45267151
33372943
78120857
54057885
44299140
3461288
29728284
68719365
80614609
83555058
84633688
55836182
41656429
1856401
96177047
57537917
24807399
1973727
23773063
43641340
99287714
45998296
10335898
92656543
82642457
46162772
44877028
41520353
59099973
3221701
12047898
91874616
82800420
3873312
69037240
26279166
39022322
4588322
97646044
60167165
27982987
88540722
95390481
79595249
69739243
71809521
22279857
30359172
7393364
32007241
94352776
86991073
55400277
44884949
7215779
76163340
83221976
83351302
42269069
48055385
88530017
47260295
88278120
76717130
2931980
83073470
53347812
35337688
60530693
1949597
10989103
46992390
91575337
19336965
51228634
41816265
62248884
88500860
82777507
95245106
90703255
80312537
85356117
71097706
54263600
2313009
25808298
74741203
89313415
5887460
68461762
35220448
82348646
9975704
98117966
92831704
36811414
23842609
27409302
56071788
212722
65924608
12913364
66212803
56637807
17408093
43635153
17698450
19075772
26062654
22535382
42486471
26948162
84512278
1796029
39822742
45572545
41773783
26956808
18505119
37970059
6999403
37829090
55548587
99219719
76099251
73507048
56356453
93544808
17510480
5700580
81959604
54015046
66485894
53566594
29352221
17770914
5204295
64266933
77639536
59218892
10149084
37221131
39524273
20864515
42840856
61734762
85740150
68286367
58698364
62925051
36074155
80689836
63157529
89766286
73956442
99114210
70441089
98299124
23140311
34831499
65051467
90777273
93697497
56946190
30909289
78395014
80136346
55709715
96525170
34426083
10943982
45081713
26609664
23798452
27958961
62808555
8457434
41224856
43787821
15659540
82882511
58788802
50278562
89301538
80318068
55120920
47648948
80733673
11457672
35358123
38766609
11995434
60262522
19172620
20537781
10221049
47160215
73188947
74373313
50408864
53891522
65674309
90219074
31927004
59998662
50873928
24389621
67904947
60055430
52229830
20846827
93102783
50209955
95615147
11629435
69355413
36247073
95272195
23514730
19182791
78941719
62498455
47549073
58141788
3363114
82817302
41826897
86733698
35566680
39012123
78096242
4617277
24197086
14813264
41968772
24377801
20038188
20275097
56669750
53482755
66277569
61211762
46501616
44887871
75749411
42670128
84162905
20100901
88402668
24932466
385230
24260420
6087734
24356201
80930834
47900138
29138286
17520774
7525986
5517330
65333505
66739554
99530057
47158136
86939579
16684786
3305714
14378087
7620480
67056683
32302550
58017462
29815036
99524556
9772934
69908180
41691899
26735623
50855529
15700593
78798549
572830
86269849
30349229
85924243
85559501
59051304
63180310
93418218
98814648
4363207
38329131
55473570
54428312
20019194
66264320
90977835
23528848
93580332
40093500
33564620
10124426
61120769
60578338
89841346
91601003
87093761
33022472
27003527
49181246
72502460
78835609
67836453
34317647
27201698
84159034
38534001
58806851
86821084
70140764
54292897
10254574
29545991
62858122
54116272
93976493
57116079
35197227
49818732
26122227
63172722
4540171
76239430
17415838
70954182
74311520
23673603
46958597
35177149
66907476
82860548
1182541
65963308
60205386
85567091
17591635
10613407
18480501
11610517
50772979
76157003
66981695
84835013
80307072
63446738
43405645
62145465
35995815
19189861
44409725
33997238
53790023
49607648
1342139
41986748
46514692
56341049
22698380
27714919
65345828
79096089
38878919
42894523
6496044
52757556
84044479
15007929
45847790
49139172
69384348
6351666
8424068
69012551
9912585
45614725
51635223
23754616
4728602
8154125
95952696
85105485
77551915
28839367
10216713
57556656
80322111
38263558
61511779
45999503
37398543
33323157
18260190
55761273
67418281
23307053
31845740
9583055
1947851
67457888
68459863
50765855
64781069
16835549
43893232
80677616
48419476
34504407
16794082
22042224
60188745
31815532
40975442
87064871
17367204
45879157
95405061
66896246
63605878
36737902
55152831
57091902
88019686
57004424
94591367
73199428
73248037
66223943
75678025
21869402
99716059
85150284
24009257
27778328
45211045
93106037
99274846
71539544
4495119
38974797
83521225
13549518
38443009
18005434
67047362
40575906
98880791
67414327
62478661
95064155
66214679
93103395
11770069
1396503
21203685
15067354
15990634
39577052
89177325
2144653
75068356
22510189
60031743
24984812
97497306
10974317
47120172
10925074
27301620
89176090
22979782
14269147
60994471
80603590
97595495
22700452
19168194
3929270
49773301
11852470
22998025
6335329
49811349
38657446
90914923
64559721
5875712
33735952
55373694
35167397
82147041
7402052
42359990
76427195
58405358
54229320
98418229
83241040
65441977
70077943
85588910
30405117
72930789
91633067
29613694
86204711
4950718
58269014
43254159
36008459
38419325
40723549
21124288
76584860
48079874
52156212
99028905
20229147
99971981
7485674
54011423
69931771
85755825
10179752
86798822
11949555
78041613
35929101
48932554
39390536
90663189
3379068
82994231
67427474
98027584
18522346
45883309
72765148
43706256
48007462
57863937
91617610
93132606
9489376
38523900
55004531
24833786
45324859
17365103
78544333
55036815
99931316
81694653
50126389
62438794
38514451
40790051
31456918
25784182
267678
94618215
5542123
88112168
29923325
62429369
71571662
10989081
64269714
71676712
68128359
53596371
27721278
43767585
8404617
53593500
58991827
55026277
756700
47576711
19506370
60828331
27471348
69479928
48215950
7339417
73077410
30875830
69528879
96096339
75814367
38415100
96391711
92002703
32984991
1889110
29542345
1126329
91108013
28876002
11276094
77082025
28553825
32020240
28391251
79983293
68459932
34427483
34607153
32046261
27328156
95857668
89801178
21397933
29663736
1265136
38625727
55728505
20905347
30635332
20377378
73269906
12269210
73408051
8617351
99549422
46358357
42357485
20433678
84249323
32910284
88855820
92321268
75285739
74006776
11407496
45195592
65931262
66698622
42013728
85783275
43428521
29991042
13446665
73739788
42903425
40087124
26165788
74426622
9798490
53845777
76794799
33593278
76850494
80973316
74193523
28174761
68291024
59052876
96661382
51995849
32856325
62057994
30103491
4326642
61479904
39744363
41968471
83500519
51383552
45387431
23632120
82735228
36563704
57193640
26560588
31167172
66922559
70295729
14353124
67632839
72599852
91775348
27188867
19211179
35935509
52316584
8754657
64990277
22651799
7383241
64884590
68423604
71206298
72517923
64088763
74024322
30908386
95592587
76970146
77143175
8007784
84823662
10392802
4105071
10006349
99365552
54055816
46645698
83118184
3734790
69509815
73168034
85676421
95636417
12059908
4829596
57219400
16034626
45040501
21881879
15589681
24471769
16172552
85137202
24483309
88368977
79716849
46328512
13275119
88630068
4553654
3871932
4721145
73554280
4189263
19487472
18537014
63889410
62057829
9061770
72470840
76326327
62386517
68335988
88809046
50164480
46890193
40459892
18938769
88653973
94087933
78831329
11814797
51941903
35638842
66924862
20775879
19683816
45795446
77846638
47674331
94146259
12498734
10673672
44997415
95975872
20680365
64207710
21740064
12179722
23122523
46654667
18629369
38496176
1312272
28755920
2690469
26017823
70191758
32966780
90097991
31593294
75055142
43771006
83407634
45750334
41429962
89978458
1293900
70026228
5833777
56854976
73150088
24896477
57074208
77909382
50939572
62148765
97420265
97248466
29576267
28982388
97868701
14995669
96516962
5647493
5564692
89984062
27711805
42730744
35226759
75993997
44496760
33247204
73006464
20320237
45528085
33714493
61302989
75451517
66274775
3561432
17541797
59290154
65638683
11961934
38997050
70334871
31965247
45368954
26859512
18521522
90863039
31833709
93093111
10531327
48098787
25676689
12363952
18278288
50411880
39577676
41951833
88918334
88891901
93562991
56687751
50585948
8854863
28707744
10168324
46367999
63406791
55906030
40966589
37773612
34285617
59092522
60252910
90042772
60611808
71717511
22475869
23506750
38619714
61957602
67521981
2578207
47776258
95670288
30293400
11326763
1456295
53335745
46353045
20231187
85703568
81527180
79335333
91266623
82766419
46922359
39066699
41744520
92612700
15827486
77267592
52327462
96542744
39633915
90829206
70109561
92489657
51990789
27665324
79805979
19894353
84283321
95708841
85876460
14252719
35777090
30157099
44829785
41518179
71406561
95269734
29556396
44686561
22257211
85899066
40400213
75899139
80626960
51889145
59729920
11703689
81473157
8417287
33432605
26026755
30033737
24570777
74869651
38722445
46970279
25118483
73472744
75096338
71609362
64120009
99497847
92016022
45795973
10653886
14511763
19941029
41883671
39943738
1085168
79898286
19146935
31467939
75766457
76864775
78916527
26325575
32178553
10621646
79802379
9593330
70096531
28680257
12043809
99368597
31274543
56626267
4269293
53703645
90664130
83376972
15306630
86546780
25767569
19130236
81545077
30386138
64597458
17049292
48079789
50451814
25622589
51407064
13299036
22805566
56346612
36791875
83852368
44912822
2305824
11429385
17749255
56061818
34568268
53937519
39795596
16021630
53439305
57831147
54127491
79655934
99797980
7436637
26039141
68289471
53459776
5031570
14594827
12799883
60954588
56262215
76470219
32713163
91342743
19091833
68208511
29921905
28302339
80211276
14817123
78945914
26723116
55641680
92379099
45951249
45540385
26003894
54626574
39723468
15148856
93745518
97707935
86877073
93015047
76266033
79416815
80692306
52798244
7122887
16992440
83696797
32630930
81043266
67070836
62230909
78661587
65123833
90049870
90435505
46102638
25881314
96125837
18365397
23018183
48967876
38708110
76870196
87364048
1763065
58271784
73643932
26417243
80424715
44327007
64670308
79516991
47161909
43413146
40289369
49757423
75705893
72602501
69648106
46423868
69410149
72904068
61740652
13993672
81573159
13786031
10888582
2704973
80588894
80175969
36270218
70673411
41253995
1169523
43023144
11387586
72178191
10444498
141782
1376203
84507259
84038440
52916602
23094848
7490127
54983754
16325866
88943564
50467617
48344368
10236826
95413981
42884230
6297518
96540419
3630972
29132363
33963549
48289169
9103198
12224048
49082660
30992697
71234497
69246466
82308797
56603851
17669602
86814457
31217148
68783702
2806023
45464733
23250434
86927254
13610252
43178198
23687568
81089739
52812239
39002358
77901900
41413741
77569146
65938013
6431101
37967063
19368273
77132095
2338949
78572948
7011086
18967633
36082052
73048777
39042979
36683732
98313252
75179344
2676580
86870295
74660103
65643021
93154207
14748684
62925305
74860475
30644606
31211906
39424746
45898078
43740773
17589750
52643165
38630399
30561131
17901886
9701708
35630915
90818611
75863942
74941735
25975160
39383432
83794874
30332253
4429519
78616827
16889234
52584320
47775245
16712090
46941789
56331850
80896047
71345896
90199733
28354679
86494903
74015191
51472489
58421760
97871491
56842174
37776101
3145719
91545869
29846443
21493453
77338442
94485783
35352520
24725084
55031153
14397776
70347717
79251161
37845619
76341489
53317301
88697895
78259814
33329210
91285177
10279053
46806153
97799760
67800739
3163501
87958948
31122085
17659465
41794545
6772194
33995905
6885439
48892491
97979865
49151424
84076322
37202357
890739
82125112
6433692
99837395
88096990
96067170
13310615
9705993
414257
97522256
9107016
73604493
37996748
70703549
93275567
17571176
95881339
60100753
91081908
74372742
61483463
90235766
31425161
87288262
54050885
1081067
77862381
68090059
50991378
11555818
96029173
38903644
27654034
40378955
16019281
47929829
12713428
47796523
86747322
47263238
66647910
67575274
1427620
88906407
3551133
63949805
20570094
45775591
10156349
37445568
23873733
45548647
28037533
35530614
50717022
14934994
33994946
1835651
90248669
32644475
10748952
90495831
42915541
36746396
10348861
40923732
80077514
65225100
26483075
98805863
75402206
53104739
40120325
57535745
41362975
9894932
53214818
85391702
26425913
52461937
70931933
48456068
5377533
3056674
73211839
6439122
3343656
24847152
70509332
98686502
64956577
64470329
76538088
68933642
1011789
21253237
63266004
22532963
64781915
76818901
13134017
24741142
74539963
79804931
50324960
57997443
5676898
22389763
68366038
52957830
22225012
96263438
8333260
7199360
90718379
19881992
28521465
48411421
44448629
46134053
30897494
24838317
25808054
3372542
68801574
92379015
3355916
9694407
93410428
58969400
68656376
37210619
78649835
27986561
46325528
23611787
31988587
1803118
93696345
75960592
29852043
7705802
25946480
26528675
55369572
75460471
65926899
77830208
84116653
7626457
90962572
91955478
50838082
16957909
17728243
82630201
46515769
26743833
1505080
74064133
11063074
50824165
57408865
36565623
24356798
18467648
83841502
83257306
15058035
74997816
14640673
93528594
98820998
35675131
63331257
34458400
21235044
321143
71788923
12687196
67966255
90795512
90302460
33735290
12359275
70706724
89007350
35280417
68735850
38194968
82978490
71903471
7215733
19722617
80171600
17998619
20843834
85624644
43694374
44812416
51330276
18165810
45761525
80079605
85641435
18614848
44627305
44188351
9748843
22066681
73889054
67493875
49391395
37402472
14135592
56947925
65987457
21295056
55484560
98025230
13553922
91808044
18977676
15016514
2838502
99174309
28750761
73994022
95344255
3447512
87940675
90044210
51753599
57605360
3382299
80056722
42370638
32520151
53193197
85147185
80221306
98214414
82586260
33269298
95079385
38439570
70612953
45448107
42705545
99558054
36750138
95551437
905318
40094104
26701829
51948659
95834277
99709792
29007527
14726744
49868713
79510440
85052372
80368447
58340767
98154928
34660820
96624255
2617583
72357336
89834716
41904090
33532272
83815805
44173091
50359155
24645552
87730153
28113607
30143607
55481120
78679789
92676729
90677492
7927352
37222525
97089836
82999907
18402208
98259086
70838791
2386190
97357743
34878409
19110863
72691468
91401713
6115773
8332361
13402347
32785848
11806461
40645054
86977799
67090569
90181361
91976784
91375318
36674161
72778598
42190891
85390752
68651958
3465806
59738709
45154112
47998579
90781727
49640960
55553814
22234238
46579110
14028604
66969680
34040896
79121599
98233235
84198017
78909239
20803287
17133947
97291632
38749485
87521638
38242526
68124192
90211034
12277784
2840965
49506518
31430826
12698646
98927691
22561138
35636430
45341370
30920641
72049632
4976010
86314285
16875981
27123047
56669347
94296923
53689496
48144364
42295718
51899008
76773361
6117256
42999555
71901081
38720812
11829485
72987640
26764388
81094169
99586016
92149457
88073167
80250056
4863450
36102675
45361821
71899655
5601295
23130680
91866704
67905549
36910547
40771206
9230600
82326897
40967615
81184808
8344379
55877500
21477518
45934491
63743102
21396541
11068795
33293686
36268255
65431251
44863063
66176647
24063288
1151655
91869838
29161395
33020483
23656801
13045203
88210406
70456761
48439404
6388073
18588757
26245185
52317777
99243325
38210338
61332741
60922035
7732942
22529755
34995803
11442055
89686479
51622448
76997544
26087004
7824546
91172351
91834411
30519174
88953747
74730924
8036062
49281774
20767533
20415512
64147226
47844238
7902412
85588030
68122831
3399227
4215863
18629456
40448187
79106524
23610041
34266604
7125942
83381387
50137403
54090303
40867069
42334399
34355025
36671142
25746549
40249299
32920993
5308181
34769165
66218729
73267785
97910071
23024080
49312076
33235384
9055084
14260888
73487918
35607171
85182841
4021097
78329468
19951339
66331231
17345736
14334884
77597107
73848418
63850034
87146866
85039200
88201095
29732400
35359432
12434132
41877068
82335209
50119888
6892019
94169595
18806150
40141085
72020669
17547162
16308944
4379113
39892563
86548074
45035205
42802544
31317245
59421586
40740290
52621580
71549608
52613119
27259449
42077872
33149884
5721358
33497941
35509169
17118460
75071639
53452927
5874697
43029576
350559
93075094
72104766
77134944
48607353
57241456
12434350
50814116
6216064
96877992
27386499
62022022
25893019
64289940
70397057
8336927
53578622
67729739
34371621
14200374
87788595
17475980
20896906
99147488
91632807
90166796
11309998
39648745
96739327
89681551
91155934
84715754
88160744
70290602
18318288
21107313
82212252
57797349
48891261
17291768
88260211
3952631
83399993
46978159
72581847
80068360
86183994
15537727
48863632
10152749
1093622
98926844
48691650
31210704
58793385
21296382
29615661
6418581
24477240
41022166
18967033
34057416
96729287
48606804
33671831
18787568
52164880
9739494
75231348
38244001
77574581
67651024
84479090
57334257
79224416
32605175
98618302
14537049
4000204
48315329
22939087
72632277
42582824
46031346
38365557
90617738
90082533
95708187
97738759
73860045
98462426
8483064
23958380
82715646
7215253
96385427
28748453
26691540
32239210
75851566
19188946
3626862
20051379
56926518
21033363
37807656
44645707
86196750
21443129
76602396
38328177
95380132
25844060
78516596
84671343
43881371
35973460
1605535
67420126
33884603
64103972
7159406
29852195
80169669
13607140
77212176
23722391
90569283
61661359
76544624
66252608
37325020
33061639
7979653
52265208
37101308
18343330
38326354
4020506
41518043
10345206
98751337
91733273
45006115
64479433
42488970
48400412
47849718
40053735
65425206
67913326
16613173
19654419
33606489
97691640
40121507
71465363
8791959
98645191
7431070
22550166
16360587
96163571
91562778
85225887
82616053
67338258
57483412
14359997
81664013
54450827
40850677
97741547
38529791
90230039
49504063
26236027
14409065
41768611
71606137
80202607
71681696
20812823
26468104
1443112
95359965
24321763
87140008
53996876
18094466
60765949
52227991
14426716
97635747
25642224
5362982
7285538
85762314
27562641
59151330
7863795
88762537
62336709
18302617
25120459
27616619
48608976
49499744
34176265
31349693
3386162
41281284
26177834
72877119
28756591
12067638
3811988
13385210
62828637
58075460
37259400
15549382
26249496
65659885
59986177
11826162
10974662
20870592
43128528
41771188
49269999
11519511
29857761
76134120
89272871
55878622
46497167
50294830
17891689
53775076
97086612
18794255
81226039
43953111
4347530
84543592
89359760
3433363
54071175
40734376
50633245
63699459
3471707
5917180
11416366
58751043
81212002
30880885
43311912
96892071
3425
4699370
77486976
13418370
43884880
25152202
64316694
95848941
36456683
84375270
53518454
13947061
772655
44058447
90346227
14363531
89257595
83766095
74414725
72414240
33464909
80938272
68304489
51135033
13626234
7316235
17944761
75963699
98739738
85218030
91435271
42099209
93703360
72629268
45332067
40222316
44245974
44000081
43550923
20152630
13812176
52664685
41456290
61571046
26584369
15652182
91452422
25535491
49658265
84330984
28153018
9492064
36830570
92447516
47811426
5628096
74558770
95551950
29372615
6179432
81379673
40874736
89325208
97018110
90691021
25086315
90004073
34913256
25671534
66167363
59072033
6002855
59678185
30712582
39986024
29931583
10413468
3432048
83883262
45225576
5869942
4449741
69577828
56775085
52361148
83847970
75733073
16711334
14136427
77316025
36604710
2572209
22762442
93806560
40477027
15394554
82957847
13367397
63707915
8422571
37046045
36419830
55637859
89468128
87368986
67669888
37056439
4968667
30689914
53363677
63238884
18494744
27114447
11465001
7099640
78016911
61628820
14073802
58270453
28685035
6996133
84876157
92354195
73188890
26078058
98554621
60156246
36599110
11519903
791834
81670482
4690405
72683915
39253524
40281370
29375595
99155454
68607578
19595171
60264123
55162421
63007838
79720651
13908644
11955156
32833689
28555666
36213265
89387480
34141951
84916949
33865010
94577396
93952691
6761703
59443965
58577259
71917159
25275597
70754166
18703246
88968614
16335305
77405459
97639331
48072030
79649499
14936562
76123747
66451182
60469527
70044250
77791229
52176307
25558109
32902845
60608092
84358162
21626468
41781272
82710304
90171980
87482248
8310136
40673280
47214206
74721607
79171101
50481167
54396452
9469091
61085914
45281276
21555347
77544039
86382806
42684208
86381943
94203925
49514100
20410057
59656594
75405437
75530311
7179038
43683879
82593129
68047924
27615020
62553292
75867688
52488888
59669458
93432092
22663688
24329675
41620227
504370
76925775
7621306
24280456
59679268
66405185
73823483
17107367
60397117
93765505
69515980
74483836
16624294
80306400
60526458
51848162
7229890
75806832
87708856
8022375
68746004
34363251
36747751
66750767
46691106
92660616
27855754
46250820
82715906
22652413
24303614
80815301
66233082
38597956
77811622
7647444
78415947
92453543
2660877
37465271
2697273
6672054
60844896
99001070
26672028
92893895
35986767
12871951
20222786
29199721
15038242
78584959
31218792
93265728
74002363
22134196
72553084
80509075
44906245
94851029
61883907
93044235
60933474
37156508
9434239
99754814
19731806
5679774
41079668
62525824
56678501
21623927
90059452
40357596
39779750
99797160
29571903
54102172
56521015
19372249
24884040
92969067
73181133
50927432
20301612
73437282
90283157
89936561
5093684
28244004
72418255
97546255
45604052
47491364
5663097
93435498
12597133
6795865
92188699
3884057
37148792
89169198
96612337
30240787
80392957
64563697
29508398
1722147
132457
33653569
8732833
83336313
76630432
89685428
10849645
23503423
94973194
74409933
83924297
95952637
10161530
64151381
34072343
20489412
43022375
37447888
4047533
11713690
23294648
44254432
72913391
82453726
97270067
54020823
34294957
62329179
14635424
9768709
91116763
20383183
53831604
83416186
50317919
15860813
36765649
14971242
85714098
50624722
57368533
74921821
38232726
57681294
73751357
38176490
57099753
36925483
28004078
11393919
89139720
3215388
47421957
56785021
33086674
76728780
1852302
93575026
60348951
89757309
11363353
18122029
41517496
60607410
5609532
22479032
3197407
3320153
13201222
40194633
4607207
99850441
47572489
96291433
20813337
70320313
79696656
37801411
42416260
80772862
77605537
28065495
25464551
99916906
45491597
25084522
35378371
31154919
24624509
35783127
68760487
70739651
22489874
9148525
33402062
27648260
16170343
9617127
84052061
33329095
88692335
58607951
74064767
2153112
24755288
33674318
82571332
22353005
8323599
4242243
17720498
25142426
25082245
28187392
91725491
74287742
4087076
44298903
21646291
10534192
95520528
84023247
10566472
74775379
87649746
61991334
