10000
840
1430
3259
17656
21197
32311
34358
48512
51534
53498
59320
61391
61850
82261
109423
115549
126091
136107
150268
162915
188057
217100
223360
224595
227515
246273
297506
310885
324036
361824
370927
375588
380568
399612
407209
407744
415223
430844
448974
489584
517344
522735
534266
537319
538279
539532
546294
547782
548460
554844
569031
586389
598624
604171
621354
622827
630018
630995
642692
656044
657188
682969
709631
711849
725761
736185
738901
756475
760057
768451
790770
791900
796629
806206
819434
820383
821816
824114
829466
843405
845895
878561
880872
886998
887295
890796
899026
915241
925914
951904
972930
984247
985345
988702
995408
1003850
1010134
1019984
1025949
1034666
1036249
1048186
1055850
1072208
1082987
1083252
1090776
1105488
1106418
1114257
1122980
1132314
1132582
1135974
1140648
1145877
1163700
1165936
1199438
1205973
1214158
1240390
1282418
1291211
1295067
1302396
1320743
1329689
1337816
1344929
1356311
1365086
1402445
1450584
1459566
1470941
1471737
1471843
1495257
1506103
1513494
1526443
1526686
1533254
1536567
1544424
1578858
1584846
1589237
1606885
1614553
1615004
1615197
1618029
1630435
1636431
1640968
1643781
1651391
1665008
1681123
1728636
1732419
1732765
1733663
1737819
1742431
1749112
1757873
1763008
1766181
1784791
1791101
1797207
1805596
1808536
1817417
1834468
1840505
1850987
1852649
1859744
1879929
1884663
1900026
1902539
1903483
1924608
1925539
1928836
1944755
1946071
1955364
1961605
1979574
1980719
1982162
1992249
2048151
2052743
2056112
2059306
2076672
2083643
2087731
2093177
2094382
2095033
2106398
2112523
2115938
2125241
2132476
2145040
2163325
2163417
2170983
2172748
2184532
2196641
2211085
2220035
2233764
2238173
2238545
2240542
2260578
2263886
2266183
2267082
2285379
2286266
2302208
2316059
2357116
2366315
2369363
2369701
2373730
2375724
2377410
2378621
2379438
2395353
2398050
2412691
2418542
2420545
2435050
2452541
2464775
2485299
2513941
2552102
2560920
2564993
2574408
2580259
2582932
2584093
2609983
2630629
2639370
2642487
2642996
2644462
2659854
2663386
2668231
2684707
2713654
2744869
2748524
2767607
2769725
2777572
2782478
2798343
2804732
2812968
2817715
2828297
2840926
2843453
2847445
2851505
2857479
2859299
2866871
2871966
2883565
2884375
2889055
2897400
2900914
2921502
2940810
2948392
2949774
2960710
2992064
3004471
3020952
3020987
3025910
3043126
3047637
3052266
3055206
3062697
3069067
3081575
3111216
3136501
3138877
3146703
3147293
3147616
3150461
3166979
3167067
3168698
3173600
3175532
3177131
3191481
3195427
3196535
3198797
3211673
3214188
3243194
3260328
3264458
3294601
3299698
3302915
3310135
3312451
3330301
3370915
3383851
3392406
3430501
3458913
3461644
3464349
3480198
3487546
3487928
3513227
3514807
3529663
3536686
3545712
3556157
3561226
3568736
3592279
3602517
3626527
3640785
3660643
3666010
3667554
3684783
3720656
3735489
3737988
3748814
3754839
3757640
3761481
3770291
3808854
3809958
3825431
3840274
3852221
3872066
3882531
3884736
3910013
3920398
3929464
3935890
3954435
3957225
3957946
3967223
3975670
3983369
3986271
3991375
3996223
4007054
4027037
4080032
4084143
4098664
4102262
4103346
4112266
4127486
4131211
4134665
4136552
4164518
4166612
4182057
4183764
4196331
4210850
4212668
4213125
4214843
4217527
4226893
4228813
4234601
4253066
4259393
4262767
4268058
4272577
4273178
4288605
4295087
4307166
4321004
4337596
4339668
4370625
4378279
4389940
4397738
4400145
4411198
4442675
4471219
4474409
4477602
4481122
4483374
4510622
4528842
4534588
4570661
4573729
4588964
4590212
4594047
4613609
4618746
4622648
4627384
4632346
4645448
4650219
4691420
4694683
4702679
4706811
4708875
4731638
4735534
4754208
4770908
4811952
4812289
4827348
4828777
4828965
4838242
4852238
4877160
4877400
4901766
4918025
4949211
4960192
4970391
4975231
4978249
4989087
4996011
5001662
5002473
5009556
5018039
5040153
5049165
5054581
5058538
5065882
5069627
5087794
5092678
5094005
5097308
5097480
5100433
5103799
5106934
5107206
5151774
5152818
5161796
5164542
5193024
5228057
5251439
5268511
5277913
5285478
5286540
5316844
5321698
5328900
5330159
5341842
5349249
5359905
5375000
5380870
5386668
5398348
5401653
5439994
5454670
5463470
5464471
5477292
5477641
5480519
5508826
5517129
5528541
5528783
5532832
5534096
5536618
5546394
5550198
5551058
5584078
5588446
5596720
5607044
5608215
5616562
5619490
5620387
5645991
5646894
5663150
5663973
5668084
5668169
5678692
5681390
5690997
5703525
5709077
5733075
5747233
5756978
5768971
5770077
5776479
5789291
5806072
5806504
5810222
5832535
5850264
5854217
5860434
5860490
5889890
5896296
5897219
5909630
5925788
5932010
5938391
5951058
5952277
5952599
5963181
5966664
6000498
6007544
6022460
6022926
6039074
6044216
6049033
6050984
6053022
6054140
6055301
6077065
6086259
6093928
6108954
6127291
6131389
6134339
6162582
6178167
6189300
6211620
6225775
6227346
6242472
6250632
6258772
6268083
6275389
6277085
6281209
6296389
6317823
6334071
6340710
6390193
6395610
6402726
6429230
6434297
6437878
6445701
6460436
6463415
6491537
6502468
6504493
6512528
6536562
6549374
6558964
6567340
6576625
6592045
6600720
6607370
6616245
6643339
6669000
6677669
6685773
6702964
6712002
6727063
6749068
6755575
6757478
6765841
6766100
6770160
6770214
6803033
6808707
6822553
6836489
6848018
6853683
6855360
6856050
6858220
6895126
6899355
6911656
6935305
6942509
6953551
6957184
7008579
7015805
7016137
7037102
7045663
7046420
7049883
7054931
7060954
7070835
7074501
7077479
7082010
7083613
7083963
7084625
7090366
7110965
7121116
7130407
7144654
7149649
7156034
7162564
7171309
7188222
7193608
7197642
7201959
7207677
7210131
7234156
7245895
7259976
7262564
7269666
7270015
7271043
7274313
7275838
7276767
7305676
7320410
7335569
7359170
7367395
7371834
7385797
7387235
7391126
7393084
7401546
7411938
7428659
7446857
7464410
7466706
7470793
7477485
7486869
7497272
7521268
7530234
7536750
7537250
7560951
7560975
7570659
7577075
7577907
7582541
7599805
7604243
7605914
7608009
7623304
7639248
7653257
7655702
7664912
7678161
7695116
7710993
7723165
7724067
7733882
7742087
7786547
7790454
7811467
7815234
7817609
7820620
7821744
7869852
7882653
7887426
7888894
7889125
7895833
7901513
7903582
7906149
7914487
7918267
7922872
7923251
7936662
7938156
7963176
7968512
7990215
8051642
8054826
8056659
8074245
8082714
8085570
8085907
8102823
8114495
8124130
8139465
8142410
8158773
8167818
8184008
8187846
8212458
8234923
8252389
8273984
8280606
8281326
8288281
8298413
8301090
8302789
8318609
8323104
8328707
8334446
8353117
8358217
8362088
8375677
8378423
8386072
8398189
8399699
8405683
8412977
8415488
8420250
8421875
8422178
8435185
8447727
8456118
8467485
8470413
8479962
8492530
8495334
8520897
8567937
8568653
8574413
8584594
8603514
8606950
8620185
8627260
8646665
8671776
8679118
8692390
8702863
8762823
8773745
8781804
8786728
8802155
8803930
8824390
8828521
8829104
8853563
8854307
8859387
8859887
8863290
8866283
8875520
8882714
8889225
8890366
8893918
8896775
8921581
8928556
8930154
8935506
8937928
8944639
8946237
8957622
8967345
8981164
8982249
8991289
8996113
9004412
9005983
9006306
9021219
9031840
9063210
9070247
9076643
9080027
9081633
9086541
9097774
9105316
9120399
9158847
9178517
9202985
9214658
9214739
9218012
9219480
9225349
9227071
9231786
9233706
9240358
9243437
9243604
9246092
9255343
9262630
9269136
9271982
9272741
9275426
9281948
9282111
9286149
9294822
9303956
9331668
9332447
9337916
9374461
9375134
9379895
9381300
9396827
9409011
9409042
9418745
9420255
9422356
9433939
9434658
9446348
9447987
9466660
9467895
9484249
9486925
9506812
9516239
9523353
9532614
9538869
9546869
9551841
9567985
9572126
9584586
9589395
9605557
9621022
9626131
9632457
9653529
9665810
9667340
9671510
9674425
9686700
9710068
9710376
9726602
9732678
9743959
9771513
9775491
9781949
9786770
9789342
9848258
9860018
9860182
9860405
9863199
9864025
9867726
9871610
9873739
9877578
9886152
9886659
9889904
9892410
9892537
9910117
9918010
9920064
9937579
9944803
9961395
9964350
9986367
10040051
10052397
10056663
10058624
10083019
10084651
10098506
10111277
10117244
10123545
10147631
10155118
10159679
10173656
10175648
10186446
10189991
10190976
10221740
10222647
10223888
10227330
10246407
10247168
10280391
10287084
10297235
10312577
10325279
10328195
10328836
10332286
10332455
10351621
10354567
10355832
10358943
10364753
10365233
10388426
10405855
10417696
10418397
10445398
10450362
10451185
10459237
10461309
10473498
10477526
10478657
10483337
10494583
10501333
10501436
10516544
10520096
10530763
10532165
10538943
10546460
10550959
10581409
10603270
10606062
10606751
10617094
10628897
10643029
10644662
10690376
10698212
10717668
10720364
10722333
10722434
10724700
10732966
10736555
10739679
10757041
10769441
10777080
10783713
10787399
10795638
10807273
10817533
10828084
10845517
10848275
10873156
10879533
10890509
10892028
10901061
10903458
10914103
10918727
10922962
10923295
10923688
10935573
10938054
10986621
10999383
11021885
11028857
11031701
11042531
11043272
11077614
11078841
11082485
11087782
11088109
11088275
11097569
11106938
11113688
11121027
11122192
11134734
11136730
11151257
11167630
11170626
11181737
11189771
11191266
11210006
11218402
11230069
11265593
11288142
11289373
11303085
11309987
11315798
11326355
11332731
11334675
11341057
11350730
11372130
11377406
11379922
11399149
11404861
11450814
11471269
11473992
11480555
11498827
11505107
11505127
11506824
11517856
11530404
11543148
11551838
11557511
11559595
11568377
11581003
11599053
11600724
11612556
11622235
11638711
11643657
11649509
11658132
11680014
11697306
11703526
11718999
11748387
11762817
11766640
11775005
11813416
11831742
11843094
11853007
11857680
11867130
11878072
11882729
11883413
11894019
11913621
11937614
11943871
11948066
11948499
11948649
11949008
11962018
11962141
11966677
11978176
11979726
12013933
12032622
12033548
12040122
12046103
12061295
12074740
12076456
12089764
12111928
12136601
12151789
12166997
12177367
12178556
12179249
12183271
12184852
12187818
12191668
12197077
12202737
12211773
12212611
12228035
12232353
12236359
12237070
12253920
12254683
12256849
12260068
12260348
12265242
12266273
12276183
12287462
12289437
12289495
12291035
12294910
12298024
12304686
12313138
12320874
12325707
12341440
12345948
12355489
12358264
12381663
12395594
12397205
12422664
12432111
12433480
12439172
12445645
12451017
12457335
12458038
12458611
12470558
12475928
12494905
12496823
12497698
12498307
12517482
12527780
12536211
12536379
12541874
12544209
12544785
12545184
12550544
12588602
12593267
12597471
12615515
12624048
12624425
12629036
12631167
12633398
12636560
12639337
12646047
12666329
12682774
12682823
12682890
12696873
12702416
12704257
12724264
12726123
12737368
12737610
12752965
12767738
12790959
12807978
12809111
12822486
12855453
12858976
12867114
12869479
12885316
12888457
12898621
12898846
12905135
12914893
12920533
12932130
12941118
12952378
12957379
12958403
12962880
12981337
12986400
13016753
13035521
13037768
13039797
13046552
13048691
13061342
13108970
13110757
13147622
13179043
13230614
13233532
13244394
13268000
13273558
13286231
13327928
13335133
13343407
13357420
13383798
13386221
13409479
13409843
13447594
13471920
13477227
13484996
13488384
13503213
13503400
13518545
13522431
13527048
13541360
13582546
13585615
13585950
13599816
13614655
13616818
13620051
13623134
13623461
13627087
13629241
13647554
13647857
13651553
13663624
13695229
13696103
13740536
13745465
13748673
13759797
13764965
13765094
13766060
13774899
13805278
13814454
13839184
13872442
13877578
13880058
13881084
13889051
13896137
13898543
13912707
13948345
13949584
13957865
13963849
13998156
13999560
14006955
14009132
14028266
14054427
14092835
14093915
14098555
14137210
14180524
14204211
14223565
14223623
14228609
14228671
14232730
14255688
14276906
14282176
14289728
14308273
14328278
14342224
14352410
14387013
14408265
14428365
14431961
14440025
14450540
14475517
14476975
14478419
14479154
14488858
14490721
14502427
14506638
14513081
14536477
14541738
14541976
14567942
14570723
14571222
14580438
14583838
14584828
14595507
14599245
14604406
14609607
14616418
14642487
14644168
14651775
14669105
14682590
14711164
14711878
14717140
14733005
14733857
14735391
14749423
14751563
14752089
14754269
14761750
14763180
14764764
14766653
14769230
14780401
14793636
14799842
14811765
14814580
14817644
14833522
14857378
14862322
14870034
14882249
14884796
14885455
14893089
14897945
14900583
14904206
14915080
14931182
14932260
14971699
14982802
14990958
15003293
15018006
15019809
15028506
15030853
15037761
15037821
15046911
15054665
15057048
15070106
15071672
15080953
15084719
15090187
15090515
15090549
15109092
15111074
15118074
15121335
15145579
15153169
15160885
15161760
15163874
15169658
15180662
15181647
15182030
15197960
15198988
15210373
15211184
15223657
15240469
15244081
15251616
15258349
15266158
15314192
15318168
15322609
15336515
15348013
15349136
15350767
15353353
15368223
15370790
15373794
15383840
15395615
15399307
15413993
15426452
15430274
15443244
15456994
15460401
15462794
15464239
15467563
15467589
15470117
15470731
15482119
15506334
15507064
15508253
15510721
15516592
15518102
15526875
15555678
15563615
15576568
15590666
15600588
15609425
15618879
15619550
15622444
15629958
15641619
15652014
15658092
15659625
15660311
15689589
15697399
15697742
15720897
15724193
15751168
15762021
15767078
15768000
15771316
15797114
15800436
15804406
15814072
15835170
15841629
15844600
15844788
15858104
15860864
15871248
15878823
15912531
15932670
15936404
15936805
15945832
15954938
15970271
15974568
15978040
16010708
16014574
16053986
16063937
16069059
16070022
16091060
16097071
16101511
16106252
16120747
16127118
16133768
16137100
16182768
16184362
16190846
16201908
16206964
16209204
16220803
16221601
16222273
16223788
16232820
16235804
16238335
16259156
16259892
16260893
16269306
16270853
16278706
16297261
16301222
16317326
16321557
16333419
16337606
16337903
16343749
16344429
16346267
16361404
16363216
16373170
16393909
16410360
16422169
16426725
16434022
16446913
16453440
16454236
16508944
16517680
16524824
16539038
16545302
16546699
16551483
16554112
16555669
16557942
16568665
16602627
16621197
16655239
16656879
16657882
16681214
16682064
16691512
16694667
16711943
16715492
16722649
16729583
16734038
16743297
16762209
16770280
16772056
16774252
16780257
16784250
16790793
16834873
16848104
16850823
16859989
16880740
16928646
16955109
16955355
16958156
16963899
16973162
16979089
16991938
17022419
17027920
17042310
17061882
17071267
17076213
17092563
17114156
17123755
17132628
17149914
17158163
17168089
17170100
17171502
17173112
17176145
17183971
17185664
17188087
17219141
17227570
17256969
17264792
17289494
17294360
17309834
17322038
17329278
17332137
17336858
17338440
17351950
17376046
17400258
17404679
17424190
17427431
17432931
17449408
17464534
17467570
17474712
17479553
17491358
17500828
17512446
17527836
17556874
17558286
17588248
17590291
17598275
17605587
17605599
17632657
17634846
17646555
17690970
17702350
17710745
17712196
17717884
17719729
17721738
17742214
17743036
17744761
17763254
17768427
17772653
17789661
17792774
17796615
17800042
17807228
17810137
17835397
17843501
17847038
17854902
17869071
17874092
17885395
17892541
17910189
17912457
17913423
17916190
17930055
17945557
17956068
17971799
17981976
17982231
17989106
17992574
17993135
18004872
18009660
18012996
18018680
18021779
18024211
18026337
18029667
18042384
18088620
18094303
18105123
18106020
18106748
18117039
18118593
18122179
18129718
18135338
18143077
18144411
18152319
18161767
18162898
18166615
18174627
18177123
18186229
18195961
18201207
18215042
18227797
18270142
18272762
18275049
18276532
18295276
18295964
18296797
18300680
18302169
18328245
18337924
18349216
18363401
18382131
18384917
18389137
18405455
18406202
18412076
18418678
18421352
18436211
18436356
18438287
18443042
18457500
18460256
18463493
18475017
18477297
18478412
18479052
18495519
18500045
18510731
18510850
18512778
18548458
18556076
18556313
18574994
18580957
18583795
18585472
18630629
18635564
18636133
18639726
18665893
18670597
18674696
18680623
18681833
18697334
18700505
18706698
18714670
18719690
18720497
18725519
18729283
18732343
18747205
18762184
18772679
18779677
18804394
18806308
18844476
18848122
18865419
18888502
18894979
18896475
18923078
18923976
18931352
18935426
18947914
18951253
18960167
18987496
18992177
19006918
19018564
19035077
19037033
19038787
19039993
19040996
19092995
19094258
19101761
19105053
19106199
19111641
19133624
19151900
19158419
19172592
19177686
19184570
19191437
19214548
19224015
19226971
19232223
19236718
19247253
19249463
19250812
19251678
19254124
19276943
19281800
19329244
19335420
19340287
19357932
19363818
19371019
19371063
19386543
19406007
19410383
19428100
19431385
19450323
19498678
19499433
19499454
19509541
19510975
19543149
19552920
19561478
19576509
19594689
19595464
19604143
19608915
19618625
19621481
19641364
19652861
19667063
19674468
19685761
19694050
19701837
19703205
19718347
19729525
19737924
19766525
19805208
19810055
19817493
19827001
19832887
19856815
19857939
19862342
19869324
19882450
19891292
19920775
19924629
19925902
19935056
19940343
19943425
19947486
19949229
19961633
19964427
19970233
19994664
20003761
20019823
20033141
20047454
20053980
20059158
20062110
20063814
20073630
20073674
20074125
20104792
20120915
20121752
20126677
20159784
20193774
20198025
20214742
20240885
20250995
20308792
20318070
20329131
20341675
20369292
20371201
20402470
20406885
20407373
20420723
20434811
20438633
20455961
20456803
20460799
20465052
20473124
20478064
20491302
20491961
20494671
20513645
20524086
20532210
20532709
20537277
20547838
20550031
20556566
20557375
20561164
20568357
20614805
20615175
20618055
20625403
20637925
20639177
20651172
20664276
20665477
20669097
20679005
20682539
20686512
20691787
20713168
20723625
20742823
20754245
20757365
20775379
20779828
20793972
20802779
20803532
20816233
20832721
20838042
20847236
20851261
20862878
20868247
20872422
20876904
20881639
20888987
20902166
20924156
20935512
20943901
20955506
20958059
20969187
20972553
20984790
21016200
21018849
21019652
21022035
21051641
21053005
21063190
21064267
21065750
21067924
21074133
21076570
21086942
21106126
21117998
21122971
21125174
21135993
21153940
21171846
21193929
21238423
21257810
21262128
21286513
21297624
21299752
21306161
21316316
21320998
21321747
21324411
21339461
21340512
21341405
21353480
21358672
21371200
21374160
21376704
21384465
21393400
21399312
21410183
21428608
21429600
21436638
21449593
21452972
21457426
21514087
21518027
21533662
21534660
21541686
21550004
21571239
21572676
21585269
21596350
21601747
21611095
21627944
21643446
21644931
21647859
21660569
21666117
21680234
21682448
21691988
21707873
21713446
21763039
21770717
21771381
21772113
21772957
21773838
21787090
21807625
21814108
21830388
21834844
21838328
21861737
21863111
21864473
21868224
21876095
21878532
21886329
21887116
21889944
21899841
21900507
21922900
21926510
21928080
21928717
21929985
21948284
21962561
21970942
21991219
21996810
21998521
21999681
22000385
22005415
22014260
22015003
22029804
22036377
22052859
22058950
22086716
22094094
22099860
22099897
22101399
22106018
22110866
22124196
22149093
22157724
22174585
22176950
22192643
22194570
22211054
22218607
22225389
22227200
22236606
22239042
22243506
22244511
22267065
22270556
22284054
22284296
22303360
22308342
22319063
22325536
22333746
22341215
22352503
22372906
22373753
22382886
22387972
22399264
22405787
22408532
22415923
22416661
22447470
22454634
22461217
22473372
22477497
22502263
22507605
22535570
22544603
22545008
22583387
22586020
22607614
22624176
22643893
22670172
22674062
22702852
22708604
22717661
22721565
22724580
22727870
22730273
22757442
22759043
22764542
22766813
22781638
22793997
22796005
22801508
22806147
22808792
22841392
22842029
22843655
22860216
22861399
22884712
22894228
22916411
22917192
22935602
22941710
22950412
22958920
22960422
22999868
23004481
23066560
23091723
23112107
23129055
23129917
23135302
23139652
23144499
23147281
23178588
23195122
23197270
23206629
23239005
23256259
23275938
23286704
23298210
23301020
23302222
23317527
23339768
23344241
23352172
23353152
23357162
23384861
23398765
23406014
23411941
23418836
23429899
23431770
23441129
23442970
23444917
23446797
23454446
23470793
23479382
23496974
23508197
23510012
23514687
23523802
23538453
23540796
23541148
23543601
23553078
23553423
23553701
23555800
23576274
23586665
23614813
23619709
23628387
23643080
23647845
23654470
23656696
23659086
23665632
23669281
23670706
23707785
23711586
23723976
23724822
23751517
23767103
23770518
23771643
23779927
23784356
23789997
23793758
23802434
23805827
23847592
23858875
23861395
23866669
23885155
23907955
23910033
23911280
23936566
23940409
23950028
23964908
23977890
23982969
23983211
23997468
23997997
24000402
24043087
24046172
24053384
24069986
24072196
24090525
24096088
24124624
24131406
24140332
24145276
24154128
24162954
24168446
24173474
24175909
24183799
24189341
24194552
24194788
24200320
24202021
24204898
24213786
24215834
24223745
24241791
24247073
24249526
24257925
24259379
24264659
24269680
24273618
24281809
24284733
24288934
24296605
24326208
24326242
24333082
24350844
24358907
24372526
24381281
24400099
24406230
24410414
24412571
24413698
24419924
24450080
24457136
24462709
24473194
24484472
24493887
24510093
24514079
24521097
24548967
24550151
24552500
24552556
24563657
24567558
24574082
24586346
24591099
24591417
24617871
24655722
24656542
24660917
24666000
24667515
24671849
24677915
24692928
24710368
24714319
24715210
24719704
24727990
24738364
24747257
24753167
24753666
24759723
24760455
24764929
24767447
24772115
24780743
24783414
24785501
24805647
24808123
24814953
24853253
24859751
24863814
24865680
24869586
24875545
24876410
24897613
24899812
24908371
24929949
24938597
24959483
24959816
24968094
24978190
24984905
24992862
24996342
25001123
25026705
25026893
25087777
25094122
25095417
25133210
25149997
25151019
25161599
25168180
25170297
25170788
25171594
25173361
25180633
25184700
25189243
25191450
25191863
25194381
25200110
25200232
25218794
25225572
25236660
25240903
25242786
25245815
25288918
25301216
25306231
25310170
25310982
25336506
25336592
25342538
25346236
25352776
25370237
25376454
25392263
25402604
25425448
25449945
25462981
25471452
25477610
25483795
25497017
25499384
25499793
25501040
25504447
25504697
25527955
25551802
25578009
25597452
25601157
25604171
25607330
25618894
25626883
25636034
25637948
25646061
25662688
25664209
25666424
25667564
25683664
25697979
25711336
25732196
25732701
25733268
25733643
25738487
25742028
25744142
25750663
25752436
25757493
25758238
25758389
25787119
25795829
25803682
25820008
25826009
25832177
25846553
25883509
25889992
25910911
25922042
25948913
25973527
25984040
26008845
26010821
26012150
26021623
26038467
26058970
26065784
26066510
26067365
26087644
26096019
26104968
26112829
26122146
26127312
26144164
26154426
26162910
26168233
26171830
26183541
26200753
26203260
26204133
26211704
26227368
26249323
26257483
26273660
26273954
26275176
26283552
26285721
26306051
26311465
26311819
26320174
26320587
26327416
26340359
26356453
26365622
26370198
26376021
26397663
26401805
26410239
26414264
26420303
26424957
26433359
26435080
26445122
26466516
26470119
26496606
26513857
26528607
26540478
26542678
26545836
26568618
26573217
26620151
26642157
26646030
26662951
26665870
26670411
26675219
26675756
26675863
26678337
26689724
26691930
26696286
26705607
26707392
26727600
26777091
26778442
26783355
26788742
26793295
26803690
26807329
26814824
26815954
26840612
26849041
26859897
26866075
26884750
26907735
26919691
26956158
26960841
27009490
27026093
27027066
27030303
27030944
27039394
27044042
27046234
27090942
27099194
27109978
27115170
27124383
27131795
27133139
27134555
27137236
27139349
27145725
27150821
27167703
27176350
27183741
27190146
27193595
27201170
27225345
27245439
27262716
27284454
27288447
27300995
27301934
27325012
27330806
27349336
27357905
27379277
27394965
27395118
27423513
27445347
27450694
27456287
27463496
27467065
27492297
27502629
27502992
27504233
27506319
27508047
27513035
27532137
27562264
27566624
27605593
27606149
27609984
27634056
27637823
27641191
27643179
27657026
27659697
27659819
27662895
27670120
27684589
27685072
27693098
27701198
27703307
27707558
27727779
27731697
27733691
27759758
27762745
27766406
27790294
27794359
27809498
27819550
27823527
27839657
27856152
27883190
27886684
27895732
27907032
27909581
27911159
27915259
27927599
27927778
27932474
27980218
27983562
27990136
28012630
28052117
28062552
28076934
28098413
28107948
28129600
28149985
28184206
28196256
28200956
28241459
28253047
28254724
28258488
28260606
28262883
28267008
28268811
28279648
28286287
28304325
28311254
28326742
28329441
28341394
28352708
28365917
28368509
28386964
28395915
28420731
28447075
28454386
28456352
28456919
28458994
28464236
28465949
28474446
28482000
28494453
28494532
28496524
28497335
28499205
28502157
28503779
28512693
28513320
28549968
28550997
28558028
28577987
28582677
28586726
28587278
28587851
28590844
28599651
28606562
28608973
28616130
28638085
28644240
28656463
28663474
28671199
28679660
28685311
28695953
28706055
28713551
28721906
28736183
28738440
28748507
28752298
28829186
28860920
28866113
28871486
28881544
28890020
28891323
28899216
28901693
28918170
28920119
28920630
28933045
28935553
28942545
28946891
28956108
29018023
29021817
29023327
29045507
29053226
29060362
29063445
29105702
29133973
29147936
29152563
29154787
29165775
29167924
29169893
29170754
29174406
29176007
29183409
29185821
29189823
29191490
29192802
29193929
29197561
29216941
29219166
29230845
29236906
29240098
29242645
29243480
29259493
29274354
29276251
29290690
29301732
29311053
29321979
29333741
29340840
29365036
29376785
29383073
29385596
29395012
29418981
29448392
29451921
29459019
29462551
29470172
29473132
29510283
29522669
29538274
29549873
29554251
29554781
29557815
29560966
29565022
29566712
29570459
29577917
29582435
29582440
29584214
29593076
29594639
29617455
29631370
29640552
29647829
29670355
29675438
29677272
29707830
29708129
29720086
29725937
29779373
29819393
29821848
29823890
29825585
29826506
29832110
29832853
29839001
29842886
29843319
29848808
29856904
29878147
29881680
29890462
29892866
29895622
29906981
29920225
29931047
29936317
29940467
29941266
29947700
29948453
29968667
29976662
29985934
30000110
30039908
30051943
30063139
30067128
30070892
30079728
30119594
30122657
30142004
30158789
30161955
30169188
30173564
30179732
30182382
30186417
30187148
30191622
30205694
30215146
30228374
30268531
30281546
30283396
30288621
30299895
30305081
30309564
30322366
30336479
30341560
30353135
30414966
30427750
30428742
30435671
30437166
30438013
30447881
30461838
30466138
30475284
30476515
30502896
30508815
30510116
30520639
30522781
30551881
30561682
30582866
30583857
30583913
30596307
30607643
30609027
30611294
30616238
30620253
30626649
30638274
30666408
30672034
30679222
30705628
30712748
30720339
30724003
30725311
30742420
30753001
30766430
30778044
30786094
30812926
30814121
30816591
30821645
30825561
30826343
30894680
30906348
30906730
30921528
30926417
30954781
30966820
30975097
30976360
30982051
31002553
31012062
31020536
31024872
31027377
31028943
31031581
31036268
31041715
31054858
31067292
31074243
31077501
31077573
31080646
31087377
31103196
31114012
31115434
31129042
31144425
31152367
31153993
31196152
31205874
31210677
31230762
31233266
31275650
31278359
31295420
31322858
31344740
31352418
31355783
31366878
31377205
31390540
31398319
31400982
31406378
31410511
31410617
31417226
31429106
31431480
31445239
31453435
31485200
31490304
31501951
31503888
31503946
31518328
31534367
31539003
31545254
31550700
31556222
31560236
31562646
31603787
31604186
31619731
31628887
31642180
31649015
31652339
31672723
31674800
31675504
31684571
31693138
31717263
31738930
31739118
31754192
31759593
31771843
31791186
31826797
31865337
31873117
31877091
31882096
31917769
31920276
31921223
31924146
31930982
31942498
31957907
31965756
31970331
31973949
31982052
31982505
31982521
31983165
31991051
31996198
31999740
32000108
32007900
32047964
32066833
32071580
32076904
32095177
32098792
32099050
32103851
32111260
32117030
32121072
32128614
32143933
32150633
32153112
32170149
32199719
32209893
32223913
32232420
32247813
32253800
32259594
32264857
32269304
32277217
32285121
32291131
32309832
32352471
32354331
32366854
32369538
32384421
32393189
32403931
32424212
32477441
32498372
32503682
32506794
32508511
32512507
32522837
32524008
32524270
32537699
32541836
32553615
32558630
32559410
32565190
32573041
32590992
32601953
32633665
32636042
32672695
32683366
32697747
32728540
32731395
32736450
32772931
32777067
32810872
32811704
32817788
32838992
32848937
32862932
32872408
32876019
32881759
32882011
32896963
32905060
32911974
32935465
32965885
32986373
32987221
33017794
33024683
33031953
33046739
33056206
33057447
33067097
33075387
33106382
33106662
33114207
33115935
33127966
33145286
33196558
33217283
33218917
33223809
33233558
33243952
33266271
33266380
33271827
33276987
33292465
33294011
33294217
33305695
33323956
33327805
33331924
33338122
33340556
33356892
33367576
33396678
33404781
33416080
33430027
33433968
33437154
33465656
33481793
33505183
33512942
33526886
33529626
33536587
33538644
33543964
33545954
33553035
33574939
33605762
33623197
33628633
33661620
33680480
33680758
33698530
33705429
33708934
33727401
33739084
33743517
33744371
33751283
33764050
33792123
33795368
33798075
33813152
33813908
33815079
33825188
33827803
33830252
33830950
33835801
33845090
33847621
33873752
33909943
33924596
33929473
33930656
33934232
33938075
33947727
33952607
33955583
33975079
33983452
34002831
34006081
34026959
34068320
34072264
34076567
34080514
34080617
34083426
34086621
34088879
34095926
34114145
34124169
34133992
34144073
34148267
34158475
34168372
34169498
34180729
34181899
34182358
34194000
34243071
34248077
34258017
34258314
34269701
34272425
34288873
34292360
34294421
34318659
34326540
34331365
34333442
34333803
34336654
34344663
34360368
34368434
34376537
34383857
34391726
34394578
34402489
34408045
34414877
34423140
34424602
34438619
34444612
34464975
34465974
34501407
34506109
34508233
34517204
34521669
34536041
34537289
34544742
34545379
34555057
34575238
34582293
34614570
34634546
34644880
34650411
34684407
34686587
34689200
34689725
34692085
34695205
34700226
34703302
34706144
34729127
34744452
34747930
34764708
34768311
34783318
34800709
34802554
34807402
34856506
34857451
34879417
34879836
34904374
34906560
34915607
34922995
34925704
34946065
34965396
34984194
35001895
35013638
35018725
35023036
35037785
35044790
35047510
35051817
35053144
35062653
35081854
35087668
35094030
35098541
35103772
35114574
35115439
35115506
35128327
35136941
35139622
35140550
35147602
35152094
35200499
35206228
35225843
35247312
35293370
35304479
35305985
35325788
35326537
35329802
35333139
35341343
35360973
35386335
35415280
35415635
35422062
35423726
35437649
35441599
35454773
35454871
35466443
35467290
35468615
35476012
35484720
35496159
35509432
35525375
35534032
35547307
35548632
35552351
35554778
35555455
35566806
35582195
35582355
35586903
35596251
35640581
35651611
35653257
35662131
35663317
35683477
35690311
35695102
35695951
35707071
35720552
35723757
35726576
35730523
35743323
35746389
35765853
35779579
35788302
35798440
35806981
35809608
35811613
35817044
35840180
35856123
35857249
35860498
35860985
35865109
35892311
35928744
35936803
35941599
35947430
35950818
35961710
35963400
35971308
35975190
35982025
36000244
36000649
36002026
36006141
36034352
36037046
36040594
36044890
36077441
36098097
36106540
36112979
36120354
36133007
36138461
36149792
36165078
36169149
36190579
36194658
36200983
36207227
36227312
36235615
36259716
36265211
36278790
36283482
36290919
36334794
36334930
36363382
36363482
36370757
36371342
36376763
36384870
36414325
36414431
36417501
36421991
36428670
36437661
36438654
36440230
36481553
36485153
36497290
36506270
36514066
36523501
36532540
36553400
36558497
36578341
36592407
36612162
36636204
36646918
36647476
36657884
36659180
36665565
36668862
36671932
36676799
36697344
36705275
36709647
36712934
36749346
36771381
36781737
36788108
36799644
36807974
36819417
36835495
36851317
36852172
36859521
36861290
36868533
36875424
36886348
36897846
36917340
36924301
36942274
36942939
36948582
36954323
36957718
36979657
36992539
37009283
37042559
37044701
37067786
37075489
37079910
37086495
37089207
37092813
37107627
37108826
37124675
37124823
37125367
37147771
37149401
37155727
37158854
37179942
37182885
37192188
37196010
37210929
37213849
37222662
37247651
37247683
37255991
37256090
37280391
37282112
37285207
37301568
37303553
37314919
37320843
37321272
37340239
37341797
37346257
37347174
37353588
37364341
37374217
37381239
37393837
37407808
37430769
37451324
37451712
37460236
37474018
37478668
37494826
37502990
37523458
37536998
37550850
37563576
37573592
37579356
37581245
37585968
37592175
37611206
37614557
37630123
37641005
37641586
37671617
37677162
37715706
37730223
37734835
37753760
37763704
37765021
37765880
37767772
37779968
37809257
37812778
37813976
37820119
37822988
37826144
37826832
37835752
37837298
37850634
37850713
37855264
37859586
37864697
37867427
37871822
37871886
37881387
37893953
37934523
37937211
37943905
37957856
37980081
37986664
37992559
38016912
38017109
38027033
38032800
38046006
38048486
38050871
38050981
38059241
38070133
38086052
38089291
38093812
38104089
38104451
38113710
38115869
38117985
38126056
38129279
38138470
38153141
38166882
38168247
38174168
38176711
38180650
38182254
38182651
38211110
38217831
38218706
38230068
38251390
38261831
38280494
38287114
38309331
38315871
38322461
38342740
38354379
38356028
38365122
38375629
38381524
38385904
38395843
38397283
38423093
38431854
38451177
38465304
38479995
38507158
38527832
38530509
38542013
38554220
38559773
38571027
38594668
38608309
38620187
38620202
38623958
38630864
38639887
38673657
38677519
38682553
38683026
38687565
38717129
38718625
38726260
38731323
38736904
38750441
38761025
38769910
38794892
38815641
38816362
38842873
38851104
38869442
38880870
38880922
38883904
38885483
38885729
38899582
38916702
38922155
38928171
38946097
38971756
38971778
38981582
38987273
39000001
39016782
39033262
39053587
39055525
39069730
39075347
39076063
39080297
39099012
39104119
39121767
39132200
39171270
39175413
39178218
39196047
39205676
39213169
39215164
39225586
39243713
39264511
39281881
39287526
39321611
39331072
39335544
39337181
39344839
39357122
39361861
39370884
39374340
39385942
39391264
39400532
39425874
39444647
39448606
39450085
39462644
39472348
39475189
39491059
39500667
39506263
39521253
39521355
39539232
39563170
39588540
39591291
39597885
39614235
39616509
39622096
39642731
39647011
39667773
39700716
39713293
39713916
39718930
39725601
39731130
39736463
39745637
39779213
39779822
39785846
39799341
39802820
39813475
39815780
39823216
39825766
39829921
39831953
39846111
39857412
39858407
39866279
39870950
39909713
39910640
39915031
39944252
39949472
39963079
39978985
39993257
39994956
40008574
40012015
40036395
40043687
40047007
40049082
40052813
40056494
40061826
40068709
40069212
40077136
40080873
40084170
40086504
40102814
40108218
40128138
40128652
40130474
40133480
40134029
40141237
40153774
40159888
40163743
40168929
40186222
40186937
40235955
40246490
40253893
40268458
40274315
40280161
40282493
40305240
40316128
40322344
40325852
40332189
40358032
40373249
40386617
40390366
40391432
40406133
40415577
40424968
40448097
40454011
40455279
40461739
40471670
40478836
40487541
40487873
40501775
40516554
40517228
40517840
40519171
40520490
40523109
40534459
40541746
40544447
40548120
40553360
40569485
40575731
40580698
40591724
40612912
40619343
40653215
40676315
40688748
40696446
40702553
40706290
40716994
40736330
40753525
40756473
40783119
40788088
40826435
40838570
40849578
40856747
40871187
40879288
40899448
40939693
40953373
40955882
40978867
40980990
40982835
40985069
40985632
41012433
41026833
41041492
41050995
41057453
41061775
41064948
41067907
41073597
41097856
41098148
41114723
41116456
41117074
41129567
41141026
41143492
41147031
41148447
41162492
41164923
41170909
41173367
41199181
41204066
41208789
41232697
41251441
41254666
41255431
41255615
41255622
41263730
41264349
41271173
41280988
41288122
41310981
41323658
41330791
41345141
41368829
41369981
41390365
41402525
41420208
41425766
41432855
41436139
41438857
41446506
41448852
41454213
41456672
41461438
41464056
41480365
41493287
41494298
41502523
41514654
41516708
41522097
41522168
41527929
41540995
41546612
41561407
41570073
41571968
41575127
41582072
41588664
41590225
41596071
41612329
41631940
41652059
41659843
41661264
41664124
41669235
41670628
41686011
41692421
41699978
41700336
41717271
41725474
41726132
41726422
41732334
41735268
41747184
41756953
41766036
41782511
41790712
41791908
41794048
41816297
41839099
41839494
41866507
41882377
41883752
41888966
41890422
41891112
41896567
41913644
41913893
41936641
41938737
41940253
41944480
41946000
41947725
41967551
41973008
41997073
42011303
42013307
42017519
42059237
42060199
42060370
42068785
42081593
42095526
42098539
42111090
42116775
42131889
42132255
42138052
42146559
42147727
42154050
42158525
42199795
42209633
42224510
42229110
42250411
42253176
42253907
42265562
42298253
42298629
42299096
42305632
42309379
42313178
42321690
42331845
42334617
42335530
42345963
42355779
42363352
42370662
42379992
42388871
42395777
42403132
42415145
42432806
42450074
42454756
42467355
42468121
42477230
42478002
42483314
42485565
42500157
42506357
42515229
42519986
42521048
42533571
42541150
42546052
42598850
42630249
42673878
42688391
42701611
42742352
42743254
42749878
42755513
42756916
42775572
42775750
42778072
42778889
42787767
42792726
42812932
42813624
42814822
42819705
42822949
42840025
42856445
42861807
42864376
42871274
42880562
42914942
42933986
42934559
42937933
42942410
42962375
42975111
42985596
42987775
42991800
42994740
42997665
43001308
43003843
43008996
43012037
43040302
43049054
43067035
43074325
43085774
43108103
43119393
43135837
43155442
43160475
43161615
43171141
43173797
43176775
43203347
43212294
43215667
43224851
43231398
43242041
43247022
43248747
43253628
43262253
43271826
43281020
43285466
43289634
43311099
43313272
43323357
43340767
43351115
43373067
43385684
43414130
43423647
43427293
43443546
43460374
43466287
43466339
43491569
43507669
43549231
43562216
43568816
43574508
43592085
43595298
43597950
43598938
43609125
43617003
43620680
43634047
43634219
43637792
43639101
43640808
43652175
43683719
43685939
43691889
43692460
43705765
43725283
43738728
43775160
43781938
43785129
43808087
43809115
43814694
43816414
43816587
43838909
43866843
43882403
43893035
43895487
43911639
43917535
43922581
43929974
43936064
43953233
43978826
43997366
44002461
44019588
44031834
44043992
44055326
44060541
44092161
44105536
44108380
44112397
44136116
44146186
44151172
44152951
44154811
44155257
44166902
44179524
44180624
44197423
44208156
44212128
44221806
44269510
44281541
44284197
44297351
44299721
44323086
44335982
44348180
44349591
44356012
44417073
44437696
44438604
44447208
44475039
44478394
44480319
44488788
44489450
44495423
44503619
44515919
44529535
44535251
44548501
44558958
44559226
44563509
44564210
44578979
44582586
44583471
44596710
44606641
44614750
44614791
44628154
44630172
44630798
44649083
44655908
44663776
44677457
44682470
44696126
44700601
44710379
44717344
44729607
44733185
44737905
44750928
44761933
44773839
44775454
44796696
44802744
44805332
44808296
44830097
44883230
44888921
44894597
44904297
44906635
44906644
44913467
44915175
44920670
44941940
44949178
44951690
44964375
44971751
44979274
44980653
44981521
44983198
44983208
44990635
45012086
45012338
45022375
45033572
45036930
45052787
45053267
45081410
45083084
45088946
45094412
45102488
45116587
45135927
45136604
45137602
45153695
45155476
45156631
45167526
45180114
45181498
45182228
45209022
45221529
45225163
45229371
45230128
45244866
45280740
45282228
45284018
45284554
45287631
45296845
45305668
45312433
45313562
45315677
45317863
45320316
45322643
45380423
45382476
45383372
45384600
45400161
45412086
45412219
45416454
45434393
45443476
45456060
45459016
45477671
45477812
45483303
45486902
45488428
45490249
45496707
45542656
45551046
45554623
45559260
45578898
45587750
45639669
45650654
45663257
45691196
45704095
45704401
45707896
45713747
45714312
45740612
45747232
45749341
45783057
45784228
45788004
45801250
45803380
45805368
45807519
45808619
45808643
45833580
45849506
45852824
45862428
45863780
45866152
45877784
45898948
45928388
45928554
45934111
45970838
45971400
45979588
46015784
46038185
46038571
46046622
46049628
46069617
46075426
46096838
46107946
46115449
46117698
46120279
46130882
46140942
46142942
46177901
46196967
46204682
46221309
46229512
46236580
46241300
46271625
46275985
46287506
46298096
46315543
46326134
46332155
46333619
46336889
46343764
46360175
46378568
46385005
46386740
46387818
46390634
46391837
46392738
46405530
46423642
46423956
46432976
46445291
46447558
46450049
46460312
46468729
46482625
46489309
46494905
46500087
46505057
46521173
46528556
46540238
46552963
46553385
46571843
46588647
46594990
46602989
46615446
46643539
46647692
46651256
46653249
46658437
46660642
46664061
46667283
46675342
46703757
46773649
46773840
46777671
46790687
46794606
46797233
46814259
46837643
46844987
46864931
46887259
46900943
46908888
46918934
46921758
46922836
46935111
46941111
46952995
46957107
46957375
46961083
46967206
46969227
46989640
46991736
47002453
47015920
47021787
47030235
47035217
47044816
47066015
47089132
47114839
47115532
47118229
47121753
47126210
47145822
47149832
47150720
47151183
47162138
47197591
47206362
47251342
47253161
47260232
47272242
47278516
47280660
47300856
47307795
47315145
47327504
47386450
47399384
47404499
47417874
47420275
47423437
47423474
47424793
47428448
47430851
47434753
47460532
47472687
47484497
47491014
47493404
47501066
47504029
47511867
47515333
47516153
47523514
47540025
47542449
47550247
47551503
47554942
47555175
47556650
47557372
47561710
47564860
47568567
47570318
47577476
47579486
47589741
47593497
47595847
47599345
47599457
47604050
47607097
47613467
47617720
47629812
47642979
47645764
47661679
47668274
47671218
47704678
47720424
47721023
47752951
47755901
47783973
47784801
47789488
47802830
47811763
47812414
47842162
47858279
47870615
47881365
47894906
47908394
47914867
47926990
47929960
47946583
47980180
48005121
48007847
48009187
48012722
48026414
48027207
48037686
48047127
48053914
48055286
48058915
48063883
48081283
48092289
48097307
48100340
48103338
48106332
48113902
48129659
48136630
48173718
48175447
48181590
48184181
48197232
48204922
48217086
48227574
48229847
48236740
48237243
48265641
48266280
48273572
48278697
48336004
48358893
48367598
48376261
48379998
48382985
48385981
48397644
48413520
48431212
48458239
48473554
48504511
48509104
48522090
48526716
48528449
48529438
48540482
48544976
48558694
48584631
48584813
48605019
48614636
48618643
48623627
48633652
48636291
48637961
48638880
48644383
48645152
48648534
48691184
48693592
48712433
48734703
48736070
48748338
48749642
48761902
48765475
48772148
48778739
48786839
48805159
48815478
48831485
48847859
48851461
48862503
48867645
48867915
48876414
48878158
48890643
48911456
48931098
48937989
48947922
48957436
48958986
48959482
48969571
48979669
48989507
48992274
48994250
49010256
49013891
49019846
49028167
49029677
49042056
49061661
49067144
49073570
49077533
49077992
49087645
49087739
49101558
49106163
49121179
49137910
49141466
49152420
49154852
49184838
49188710
49191934
49224867
49225820
49227622
49231420
49235927
49238389
49252203
49253485
49255158
49270972
49290107
49315967
49323030
49330450
49376498
49389971
49390670
49394109
49401527
49413139
49417156
49439458
49451968
49470137
49479684
49483610
49493787
49532539
49536153
49550841
49558977
49559381
49577779
49579717
49594950
49596058
49607732
49622296
49647798
49652370
49652629
49654383
49660486
49671732
49677208
49682606
49702425
49706065
49707716
49721142
49723595
49729574
49754237
49762944
49780525
49786705
49791006
49808286
49822003
49830386
49856386
49856548
49880500
49885448
49887077
49894634
49905983
49906090
49907755
49952180
49973740
49986231
49986743
49995626
50000131
50032221
50033194
50038528
50038904
50070259
50074779
50076561
50102237
50102292
50104917
50107844
50108705
50123150
50123702
50124636
50127227
50129017
50142265
50144902
50171110
50179455
50197182
50221847
50231538
50243153
50264997
50283147
50296514
50319597
50324172
50324795
50326217
50326603
50327556
50356647
50364924
50370364
50379113
50380019
50385265
50410365
50411632
50423522
50429427
50455805
50458791
50463963
50498893
50519995
50562636
50569602
50571631
50575570
50586537
50587523
50596239
50600991
50602223
50608884
50630420
50634702
50638710
50642386
50646811
50681295
50683924
50688294
50694667
50737484
50742013
50754589
50767477
50768270
50779045
50779392
50782970
50783541
50784982
50786665
50792955
50805430
50816359
50817962
50826165
50830306
50833946
50842078
50847469
50855851
50879022
50879050
50892909
50915458
50942643
50945494
50948166
50951402
50956838
50964041
50979608
51001125
51001729
51010457
51011260
51013121
51025250
51067561
51082310
51107005
51133127
51135980
51179206
51191952
51194905
51207098
51234579
51249157
51255961
51268895
51279464
51283378
51305088
51356537
51363556
51377528
51395732
51399940
51406410
51412677
51430237
51437284
51439346
51451277
51461606
51473848
51488538
51501857
51506661
51511621
51515795
51519033
51525643
51526344
51532986
51537575
51545136
51551222
51577285
51584236
51585120
51592369
51595661
51598133
51599553
51613908
51620594
51637332
51646311
51656274
51668772
51672819
51675933
51677294
51682551
51685913
51688682
51706665
51727598
51732110
51735843
51744743
51775132
51781642
51797814
51802688
51805407
51809437
51820757
51826466
51827503
51873053
51875903
51893126
51894765
51905980
51912635
51923734
51939983
51950876
51996544
52003162
52035485
52036427
52048967
52066071
52067210
52077153
52084348
52087763
52092619
52094068
52097313
52101239
52105418
52111455
52115601
52116044
52117595
52142930
52149576
52153799
52162335
52164859
52166241
52172574
52184977
52205310
52217167
52245642
52252217
52257003
52258781
52284844
52286461
52294752
52295902
52305244
52329126
52332735
52395266
52409420
52421619
52423469
52423978
52427325
52435591
52439551
52474449
52488562
52496336
52500972
52503320
52509397
52510128
52513378
52516722
52519060
52521212
52523658
52526782
52551758
52580169
52590735
52621933
52647965
52662562
52675136
52688189
52689485
52695836
52698806
52715126
52722124
52723373
52728466
52750221
52754956
52798126
52804720
52814298
52827898
52830576
52835194
52842596
52857419
52858735
52860964
52861366
52869827
52886754
52899567
52900557
52903865
52904842
52909262
52920299
52920518
52922437
52924244
52929155
52948733
52954399
52955091
52969800
52972643
52979199
52993221
53011512
53017875
53020040
53020272
53021564
53022114
53054729
53058230
53096389
53111940
53129964
53134645
53150206
53154673
53166544
53171265
53180919
53220237
53233024
53240425
53241332
53245275
53250869
53251691
53260453
53281276
53287001
53300145
53307233
53307981
53321516
53331097
53353053
53355362
53356587
53361621
53382260
53425515
53441788
53442195
53462223
53482062
53489292
53490087
53500970
53505845
53507929
53516258
53532880
53538406
53544696
53548187
53557422
53564457
53564997
53575511
53600434
53604395
53611196
53623939
53633794
53635183
53662326
53667965
53686990
53693336
53707711
53714264
53724238
53725713
53730386
53737458
53740877
53751176
53795909
53802387
53827650
53846049
53851947
53853177
53862548
53939127
53970239
53983229
53984362
53995389
54011223
54012349
54021562
54028700
54034178
54039158
54048574
54048679
54071286
54072453
54108863
54113453
54142955
54151702
54156686
54163029
54165620
54182321
54194367
54210563
54224919
54244550
54251533
54255041
54258340
54263793
54277712
54282225
54290714
54334029
54350560
54358708
54368673
54382393
54382742
54395899
54414007
54429617
54437920
54448942
54455708
54496979
54499443
54512890
54528831
54530991
54531804
54543728
54567395
54573154
54578635
54580396
54582746
54585986
54599162
54604923
54613849
54616389
54616519
54646569
54651961
54670427
54671228
54704095
54730506
54737471
54743218
54763391
54787153
54796390
54816334
54836633
54839957
54854113
54867490
54869135
54875588
54879017
54885896
54900216
54902260
54923393
54944431
54954132
54969262
54978322
55019397
55021367
55039935
55045555
55049988
55072613
55076647
55084107
55093361
55107844
55111367
55114240
55125546
55147064
55156000
55159027
55160136
55167280
55177912
55180116
55194798
55194918
55198198
55202907
55208169
55213555
55218145
55226295
55246472
55274976
55279370
55290762
55301769
55315770
55325738
55332710
55343478
55349378
55351082
55366717
55367809
55375631
55395212
55396945
55400846
55427057
55439619
55446849
55448495
55453240
55461223
55480287
55491054
55494618
55511612
55528592
55550869
55557474
55559797
55575735
55581575
55611228
55636579
55647297
55666363
55685259
55709067
55710933
55714045
55725411
55728213
55729377
55730099
55740620
55742022
55749165
55769711
55770489
55776828
55789571
55798612
55816530
55830241
55832326
55834254
55834981
55865952
55873824
55880194
55894804
55902889
55906458
55915357
55928207
55938512
55945262
55946357
55951290
55969303
55991037
55997909
56006310
56006755
56035609
56047553
56102609
56120525
56126666
56141139
56147801
56155065
56176117
56222820
56231120
56255593
56256732
56270921
56272930
56296257
56304790
56307952
56309973
56329948
56348948
56358762
56359467
56362004
56376654
56388550
56401345
56415322
56419506
56421479
56425264
56432748
56436184
56439399
56453429
56458104
56460900
56469084
56475143
56492544
56498977
56499976
56502453
56520375
56523652
56535738
56537509
56551961
56563027
56567678
56573218
56575769
56587595
56590678
56613887
56636843
56661162
56680818
56682642
56713842
56734621
56757769
56775161
56825634
56845093
56853539
56865008
56870792
56881023
56888150
56909249
56914671
56919354
56933502
56956909
56967941
56972322
56973810
56980575
56987789
56992659
56996309
57021944
57027328
57027859
57028046
57029627
57034020
57038995
57050816
57062590
57070016
57077214
57082461
57093024
57119386
57119965
57131944
57144918
57147906
57150852
57151341
57159335
57162949
57186938
57200954
57202296
57219206
57224039
57227863
57253114
57256765
57262690
57263291
57263303
57264869
57268446
57274366
57285754
57286472
57287537
57291185
57322453
57326907
57328557
57329368
57332703
57335095
57360488
57372005
57395192
57417251
57429001
57431887
57434103
57436355
57439858
57447348
57466154
57467835
57473959
57483246
57488511
57496677
57517200
57517685
57521960
57526691
57528488
57539639
57546788
57552037
57585072
57616621
57618263
57625128
57637536
57659394
57666647
57671248
57679095
57682404
57682752
57687553
57695123
57707309
57710375
57711319
57713827
57716379
57754040
57759330
57772659
57791363
57796867
57810451
57826148
57852294
57856679
57873252
57873348
57875999
57882881
57885686
57889036
57899386
57912029
57958899
57963389
57974014
57982849
58000251
58035304
58066535
58072317
58076629
58080780
58081417
58097716
58101516
58107105
58125572
58128813
58136906
58143698
58146434
58149455
58150857
58159536
58164239
58166643
58167722
58172651
58174112
58175141
58184587
58204165
58213107
58213732
58218491
58221283
58240538
58261019
58263610
58286988
58288447
58323095
58335269
58343671
58361809
58366556
58375613
58375937
58444959
58485054
58491628
58491855
58517943
58552208
58554740
58584713
58588312
58589859
58597358
58626798
58632543
58642458
58658135
58660243
58674697
58675871
58684027
58685699
58697065
58723197
58723452
58732581
58739600
58741150
58751889
58760019
58764919
58767738
58771666
58776096
58805013
58807779
58824599
58831664
58832482
58833393
58837613
58844206
58847359
58851701
58862707
58904250
58904692
58922352
58928303
58952918
58961663
58972583
58979740
58984266
59005195
59014932
59024467
59041297
59044790
59060700
59061375
59095333
59096407
59112567
59123919
59139150
59141625
59154262
59167990
59178956
59180651
59181993
59200431
59205173
59217888
59221411
59224689
59229624
59236660
59240450
59242426
59242558
59251934
59271948
59276882
59294578
59315145
59328496
59337061
59343540
59347839
59355098
59362225
59368078
59368613
59396658
59402873
59416851
59425885
59442374
59444971
59447137
59457931
59466946
59468817
59471774
59483776
59492443
59524596
59533012
59537964
59543944
59549574
59549638
59559388
59564433
59569834
59576977
59583813
59595175
59599396
59604645
59604802
59613219
59628359
59629028
59647151
59655661
59662303
59689994
59695123
59695163
59696538
59703471
59723309
59736192
59740850
59761252
59761495
59795524
59798766
59799099
59807286
59814105
59820567
59823903
59824115
59836987
59845245
59867594
59882424
59885395
59890245
59894097
59895824
59897618
59905999
59909998
59910764
59914545
59919926
59924200
59947607
59951113
59954102
59954449
59959332
59963098
59990312
59992877
60007524
60029600
60042077
60043512
60056231
60059189
60083659
60092229
60134567
60150301
60156827
60159476
60179026
60181372
60192997
60201225
60211465
60214778
60219496
60235149
60259595
60260763
60273751
60275981
60277785
60296593
60302017
60308629
60312007
60315193
60325108
60327953
60336161
60342187
60355106
60358537
60394337
60400565
60418585
60424773
60430965
60431211
60431815
60444108
60454787
60455630
60466751
60468076
60477032
60477900
60477908
60487057
60500887
60501407
60504585
60521032
60538161
60561360
60567780
60579475
60605704
60611879
60620413
60628574
60639667
60644417
60658288
60660482
60664570
60670911
60679568
60685040
60720627
60728700
60741892
60764234
60766168
60772603
60782194
60789833
60790333
60793363
60795040
60796358
60799068
60806898
60810610
60811296
60814531
60814795
60830997
60846116
60848538
60848696
60850863
60852826
60869992
60878517
60881244
60885863
60904111
60905582
60911956
60917257
60917504
60927299
60951297
60955216
60977969
60978347
60978801
61002790
61015712
61018136
61024040
61040723
61074429
61098398
61108720
61111087
61112223
61153317
61165434
61171675
61177761
61202530
61209091
61210897
61226684
61237248
61252874
61259305
61264775
61268220
61272275
61273255
61288224
61302686
61314090
61320036
61328037
61338108
61345065
61357196
61364206
61371187
61382249
61396673
61408332
61413942
61418355
61420521
61421568
61423421
61424297
61429841
61453246
61461882
61464897
61472812
61518703
61521618
61526332
61533685
61566254
61573060
61587233
61593070
61616314
61687352
61693265
61696523
61699497
61710061
61710672
61722679
61724885
61725519
61725542
61742398
61747091
61748897
61752952
61777625
61777913
61798243
61812648
61813478
61815393
61832648
61838713
61841221
61856674
61863050
61878683
61891323
61894332
61899362
61926421
61930181
61935736
61940159
61943747
61946106
61957981
61972661
61984310
61997552
61998990
62010642
62018754
62030203
62042375
62056726
62057767
62063375
62065592
62067991
62076981
62094228
62106661
62112754
62119961
62123520
62124338
62126580
62132341
62136104
62141896
62145948
62148964
62185387
62191111
62198230
62198603
62207149
62218149
62228796
62240708
62243482
62249363
62273690
62274556
62278389
62284367
62285828
62293692
62295727
62299692
62310411
62342725
62345227
62345438
62345440
62390485
62393159
62402143
62406844
62408624
62436454
62453049
62458119
62463069
62474619
62489993
62492124
62494420
62509419
62549013
62562741
62571822
62574132
62591450
62646281
62647033
62661766
62729858
62731889
62733290
62739420
62753278
62779076
62783595
62800490
62805550
62814298
62820595
62827788
62833584
62848189
62878003
62904492
62914122
62948412
62977347
62978179
62985138
62986704
62990635
62999275
63010265
63016618
63026501
63033082
63097443
63103123
63117859
63147508
63160725
63163973
63164300
63177527
63187515
63190823
63201353
63202805
63204637
63212799
63227964
63242982
63246295
63250631
63259560
63282563
63296737
63300445
63322310
63346628
63359023
63361660
63381065
63388347
63403701
63407209
63415894
63443558
63445437
63451041
63466986
63468209
63473392
63480495
63481751
63483851
63514339
63516916
63542984
63548796
63583383
63593898
63594694
63607125
63638748
63639269
63643485
63672487
63674869
63684284
63685225
63688580
63708668
63737942
63768331
63778064
63782373
63806699
63818308
63819155
63823509
63842909
63844649
63851759
63872763
63885879
63886535
63910495
63914100
63920949
63925037
63944547
63980809
63986726
64017930
64047569
64049560
64051598
64054168
64061344
64063040
64064054
64067338
64093345
64101983
64108156
64111559
64127604
64131216
64133499
64161649
64169461
64184473
64184837
64188349
64191191
64206251
64212288
64222412
64232127
64241090
64251447
64253611
64260654
64261047
64270641
64290522
64311664
64330284
64357221
64379569
64405256
64414576
64414662
64425772
64428154
64434078
64436513
64438986
64450805
64455355
64457759
64475829
64476421
64492404
64507452
64510708
64510901
64521053
64529777
64535413
64536891
64537402
64556608
64563497
64595274
64605905
64607996
64614640
64615536
64615899
64616089
64627419
64636705
64647319
64655608
64656820
64667128
64701333
64707190
64716530
64720104
64729923
64742963
64743781
64748436
64770151
64779923
64786281
64806230
64813723
64851260
64858961
64863534
64873001
64877856
64884593
64885624
64896480
64901837
64910516
64927483
64930165
64943916
64963381
64966137
64968067
64976567
64981238
65015263
65018739
65026901
65031785
65034572
65036604
65044643
65045939
65050121
65065658
65074172
65074695
65089407
65095217
65097676
65107193
65108463
65117649
65135000
65136060
65136384
65156919
65172077
65197601
65208675
65209746
65211141
65212965
65218302
65229904
65233034
65235624
65236921
65252666
65256613
65261028
65262060
65271145
65274871
65285345
65310470
65328653
65337544
65339870
65344120
65354707
65368098
65378794
65378909
65393139
65402275
65408892
65414122
65423612
65443307
65475062
65475903
65480716
65482200
65498618
65501827
65507252
65520317
65528060
65555262
65579781
65580489
65581722
65587774
65599029
65609507
65615617
65625821
65627451
65630091
65646956
65662478
65679674
65682155
65701075
65709493
65710484
65716079
65734372
65740778
65743791
65755339
65757111
65757209
65764283
65767975
65769612
65794528
65814313
65863857
65896833
65899208
65931932
65937760
65979359
66021743
66032212
66063868
66071439
66086744
66135923
66139974
66144779
66148626
66157504
66172202
66205922
66209454
66228204
66244977
66254732
66262419
66308561
66321180
66343614
66350511
66357446
66377860
66378274
66379518
66416334
66435835
66451967
66455842
66464587
66484220
66491351
66519594
66527429
66528109
66530780
66531044
66538850
66546228
66546998
66571372
66573289
66574357
66578318
66582124
66589035
66592771
66605962
66606938
66611416
66617160
66628792
66638932
66649697
66658102
66663236
66670559
66679005
66682058
66686021
66689391
66697034
66699315
66709549
66711217
66759693
66768966
66769187
66777973
66799719
66801005
66806282
66809479
66809606
66829166
66857134
66857570
66868298
66871509
66881576
66895439
66898158
66921493
66940648
66946674
66966526
66968305
66968656
66972533
67001867
67007007
67007210
67014377
67045412
67050781
67052906
67069178
67076587
67076910
67081273
67098818
67117228
67140249
67150822
67153494
67166607
67188379
67190953
67206587
67217113
67228619
67244924
67246434
67253162
67258260
67281012
67282953
67283452
67284263
67294304
67301128
67304369
67313479
67313912
67318859
67323711
67338032
67356212
67379250
67380013
67381434
67389725
67404181
67407202
67408948
67410180
67459662
67460675
67510540
67520058
67577701
67599792
67614099
67630060
67652295
67656095
67659300
67663477
67670430
67672452
67688898
67692409
67696601
67698937
67701410
67706520
67712464
67715137
67754282
67754729
67760363
67767924
67772563
67781744
67799668
67813786
67814295
67819249
67824496
67824971
67833040
67834829
67844769
67852134
67860618
67865851
67868983
67882092
67898831
67907458
67914876
67914913
67915003
67938072
67940442
67944800
67949336
67953007
67958647
67963917
67975323
67978167
67982070
67991645
67999004
68006017
68010676
68011185
68011445
68020440
68022555
68032731
68039636
68048585
68057219
68064435
68065165
68073354
68081718
68082332
68084410
68103624
68107985
68127310
68128236
68172663
68191027
68192082
68197279
68197515
68200520
68212304
68222678
68242515
68250716
68250877
68264740
68273734
68282429
68321134
68328563
68329847
68346785
68387537
68394680
68399003
68404302
68409029
68417314
68425133
68432441
68434872
68436862
68437410
68444007
68467442
68476222
68477986
68481140
68481518
68492030
68498805
68500542
68509731
68515178
68520417
68524775
68526837
68541659
68542229
68559857
68568975
68584435
68591812
68596746
68597276
68598542
68601821
68604256
68609379
68625674
68639417
68662633
68662850
68699096
68700599
68704362
68722404
68745726
68786237
68801712
68803870
68813623
68814577
68850647
68868655
68894733
68899167
68907839
68936641
68959674
68980710
68985579
69014363
69017483
69018822
69032709
69066452
69078191
69095654
69103234
69106640
69115633
69127968
69134648
69135409
69149419
69154392
69156537
69166068
69196164
69200380
69201207
69212954
69214081
69222201
69233490
69237506
69242198
69253688
69257235
69258081
69258801
69259058
69261069
69273359
69276644
69292746
69316551
69324495
69341304
69370499
69372547
69389953
69391108
69401990
69406983
69412287
69422439
69447898
69450180
69462785
69464115
69469455
69485920
69499835
69502011
69530463
69532312
69541777
69545488
69545747
69558082
69561829
69563738
69564239
69580750
69584721
69597353
69612645
69626775
69633587
69653644
69668293
69688484
69725786
69731410
69754513
69757696
69761029
69763097
69772260
69776986
69779893
69783488
69788405
69789052
69802252
69804973
69816555
69824878
69827628
69835014
69841959
69848605
69858503
69859518
69883050
69885980
69895991
69915851
69918146
69922068
69925547
69944396
69965568
69967498
69968783
69969036
69976353
69985653
69988744
69992332
70009297
70010096
70025921
70058025
70076181
70085193
70097236
70105870
70107283
70117472
70131209
70132790
70137650
70155169
70170309
70181402
70183012
70200411
70204663
70207883
70214165
70222762
70230218
70231463
70232273
70241248
70255202
70262954
70282671
70302229
70304903
70338586
70343063
70345532
70358327
70359713
70369063
70374057
70382389
70403424
70411569
70411925
70437618
70438352
70440033
70447925
70449992
70451852
70452039
70453316
70463476
70475330
70476789
70481253
70488128
70496904
70497147
70500733
70510119
70528402
70560591
70596806
70597909
70605068
70605694
70607327
70611446
70619990
70622372
70640850
70660379
70669288
70673601
70680968
70682095
70683395
70686136
70690778
70697261
70698058
70720238
70732713
70755938
70756719
70779236
70784810
70790721
70835894
70842852
70848824
70865660
70880812
70902932
70912912
70916918
70961208
70965357
70970524
70980645
70986379
70989582
71015942
71016651
71020258
71020838
71021037
71029945
71034931
71039555
71040905
71057103
71057451
71083402
71085174
71088915
71090925
71115740
71127387
71142930
71146510
71178750
71180561
71182605
71185018
71185256
71190778
71191833
71192228
71195776
71197240
71220664
71221465
71221845
71227527
71236721
71241275
71246707
71278882
71290732
71311529
71311605
71323487
71341266
71342407
71344451
71345880
71347234
71398125
71414250
71422616
71431720
71451447
71455509
71457354
71470095
71489085
71503732
71510065
71515749
71519772
71529905
71530490
71537782
71539188
71539326
71577627
71598799
71608550
71617370
71626593
71629072
71634558
71636968
71638874
71647343
71653640
71656735
71656959
71657002
71675162
71681654
71687935
71702443
71704708
71710378
71733368
71737774
71740956
71759854
71777000
71794109
71802783
71803849
71816363
71816985
71846110
71848578
71861697
71870259
71876969
71884934
71905423
71912728
71930649
71938584
71941878
71955932
71958954
71975579
71976461
72015163
72030426
72058984
72069965
72079606
72087801
72097170
72102751
72114343
72114584
72117995
72121514
72125470
72135587
72135788
72137885
72148239
72153881
72160118
72168030
72169543
72175606
72182052
72201436
72204776
72241028
72252121
72258715
72272051
72279845
72297066
72326149
72351031
72366068
72386349
72426536
72427604
72442656
72448126
72457583
72468424
72474294
72483663
72492222
72502569
72505487
72507137
72510688
72534495
72555192
72558236
72575424
72579672
72590391
72606306
72617647
72632872
72633214
72635677
72641446
72652315
72680815
72687160
72734837
72746996
72751855
72752798
72758044
72762312
72766149
72768444
72791361
72798248
72804324
72823914
72842426
72848005
72884009
72896776
72898445
72929846
72932803
72939215
72947124
72955360
72965085
72996563
73007941
73022806
73032652
73036374
73044073
73081109
73104040
73135544
73137639
73159356
73165870
73186116
73196460
73203316
73205573
73221116
73228460
73229082
73231819
73244626
73255812
73262485
73271062
73274694
73283148
73290184
73295148
73295470
73305680
73324083
73344301
73345550
73347776
73356171
73378132
73408770
73410080
73416917
73423438
73447434
73449922
73462563
73477101
73483778
73505647
73532623
73542351
73550148
73559124
73561542
73604003
73611957
73612692
73621680
73621839
73635039
73647033
73675520
73678675
73682907
73682964
73687682
73712529
73720340
73724633
73725902
73737587
73740969
73742823
73758225
73770835
73777570
73784574
73792915
73800224
73812454
73821583
73827131
73839336
73841003
73845738
73861844
73873620
73901185
73905266
73912557
73913388
73950049
73951539
73962865
73973454
73989165
74003045
74009691
74012333
74022079
74022734
74025688
74029041
74030197
74030426
74044068
74050892
74099596
74103403
74104882
74119956
74135547
74176868
74191070
74192338
74205918
74217002
74232063
74232739
74232956
74242848
74256268
74274433
74276060
74281014
74282338
74303583
74311597
74313602
74313667
74313777
74326799
74327901
74334832
74345096
74345246
74347830
74367749
74367864
74370267
74373796
74425386
74427707
74437084
74476914
74477368
74482013
74485597
74487360
74496509
74511484
74514997
74521777
74545671
74546399
74549182
74553436
74560868
74576005
74587871
74589503
74598201
74605475
74627934
74627986
74633425
74647354
74674412
74679385
74691855
74702863
74704947
74719153
74734403
74747346
74749906
74752788
74753959
74754136
74755637
74782759
74785661
74790081
74795732
74802935
74819389
74829238
74849698
74853853
74876309
74895100
74898412
74908205
74933110
74944458
74944488
74959687
74963325
74992627
74993823
74997755
74998339
75009244
75017259
75024471
75029104
75031350
75039549
75044379
75045265
75057987
75077874
75081920
75084316
75085893
75094280
75099741
75100749
75108512
75122458
75126153
75137505
75145708
75148267
75149846
75159104
75178740
75183429
75187095
75193516
75197487
75239325
75239696
75252164
75256004
75260052
75307038
75327694
75339150
75359479
75386988
75389907
75402631
75413108
75428222
75448542
75475490
75484516
75493992
75497125
75497512
75523857
75526491
75530929
75533972
75546596
75548930
75562694
75572586
75580635
75587772
75603991
75620542
75621075
75622219
75628822
75631192
75635608
75636762
75650452
75660572
75661430
75679219
75682331
75695470
75710391
75710642
75738510
75750411
75756118
75774702
75787339
75796683
75796838
75809545
75816763
75821447
75841348
75846833
75850428
75856817
75865669
75880893
75888033
75891616
75900400
75909693
75986590
75994167
75994987
76017549
76045392
76053497
76064306
76069839
76086643
76102658
76106137
76108535
76110099
76117188
76143135
76143893
76150128
76153995
76170632
76175794
76181425
76183626
76190993
76207117
76220767
76226310
76230730
76236054
76236571
76254492
76263174
76266346
76335641
76337670
76340801
76343042
76343824
76352221
76375692
76380636
76383734
76394149
76398508
76405718
76416155
76431883
76433082
76438890
76439951
76442096
76443637
76446612
76448071
76457194
76486202
76498174
76518342
76533603
76535342
76535801
76537567
76540601
76559502
76563835
76581554
76594514
76597056
76602787
76624552
76625418
76631622
76635207
76643966
76651585
76652971
76657120
76682562
76689885
76692774
76710780
76716916
76731244
76752495
76754054
76762372
76768500
76785983
76796100
76803864
76817351
76837830
76845530
76866470
76872513
76884047
76895045
76900800
76915718
76917945
76934668
76937418
76947286
76962665
76963300
76996890
77009983
77014862
77029082
77042630
77052255
77054664
77070988
77089728
77096503
77124792
77140222
77153935
77161663
77162093
77177451
77177763
77192347
77208542
77223158
77230810
77236989
77237409
77257990
77268763
77279432
77299940
77331133
77332542
77337067
77337958
77349493
77357947
77364353
77372274
77373177
77386459
77390773
77401205
77408746
77415034
77427658
77443974
77459074
77459668
77469320
77469582
77472556
77483703
77494193
77536462
77543228
77544477
77546193
77554223
77558555
77570144
77595410
77600949
77603611
77627650
77632502
77637801
77643653
77663669
77700569
77709067
77712324
77715649
77716406
77719752
77721433
77722332
77735269
77741518
77746160
77770725
77774098
77790568
77808620
77813929
77814864
77820813
77826481
77837979
77861314
77873464
77883467
77883628
77918823
77930223
77948356
77959499
78006438
78008366
78022619
78026762
78033489
78045712
78048559
78052422
78053475
78054262
78057036
78061792
78062686
78088049
78095864
78100843
78102406
78115917
78127996
78132243
78136426
78147122
78157906
78169666
78171934
78173786
78175903
78177406
78192029
78197553
78211789
78211838
78218104
78227181
78241132
78251159
78258038
78259176
78285573
78291015
78300727
78306798
78307328
78317483
78358696
78366074
78366706
78383055
78388639
78393298
78408508
78423606
78425567
78441564
78443035
78443644
78446978
78452847
78454657
78471305
78489012
78495014
78508264
78509085
78513862
78516033
78525450
78546898
78547029
78564058
78573261
78574693
78575095
78597016
78598451
78606866
78630186
78637376
78646563
78647711
78651205
78666380
78671918
78692828
78704486
78709352
78713762
78724548
78725298
78732230
78732524
78733178
78747302
78749558
78757108
78760493
78769497
78774753
78780626
78781458
78785525
78786927
78788527
78789170
78791912
78842518
78892020
78898003
78899110
78913869
78918182
78928110
78951378
78957276
78968530
78978746
78988215
78991217
78998141
79002054
79005831
79015927
79017171
79032702
79038481
79038792
79050617
79068409
79085304
79088537
79096146
79098527
79100155
79130512
79133005
79136386
79140863
79159126
79176564
79176571
79180066
79181246
79199595
79228417
79233685
79235858
79236597
79240877
79247294
79257203
79258892
79281374
79287838
79296414
79296869
79306151
79317785
79319067
79322117
79334003
79343321
79354217
79419214
79419569
79421393
79437859
79442489
79456180
79473789
79480581
79481977
79496640
79518419
79549963
79585330
79611320
79640260
79645032
79657665
79662388
79663849
79669945
79677764
79693865
79703947
79714931
79717873
79741106
79757399
79758988
79768330
79775207
79780839
79792308
79820827
79825208
79825314
79835055
79835823
79839670
79848420
79871757
79902748
79908299
79918231
79925879
79936166
79966324
79974242
79986476
80000991
80008148
80035028
80035258
80035668
80049513
80056616
80063511
80067555
80075042
80092838
80119527
80158604
80173719
80173734
80174218
80187945
80195631
80226833
80231328
80242065
80270865
80306747
80311565
80315778
80316116
80319685
80337056
80345973
80348446
80349999
80358325
80359264
80386970
80397398
80403590
80417135
80418898
80430774
80444362
80447312
80473433
80507150
80513598
80515106
80515714
80522561
80528748
80542239
80553736
80562019
80575359
80603688
80608885
80612392
80623194
80657414
80691501
80719914
80736188
80741093
80748549
80754888
80757901
80781407
80785710
80792518
80838274
80845366
80885135
80890528
80898122
80905470
80915060
80915647
80920313
80935006
80951673
80959993
80973146
80975803
80979690
80986184
80996725
81015953
81019635
81035735
81055814
81071233
81075224
81078577
81098403
81102405
81111993
81113229
81113345
81128177
81129258
81129421
81134826
81151775
81153388
81169075
81174779
81182106
81184998
81192715
81199627
81208790
81209397
81210654
81214940
81219195
81225869
81256425
81256908
81258317
81303246
81307982
81312494
81320246
81330902
81345755
81363964
81378329
81381125
81386036
81406604
81408710
81421031
81428030
81434931
81451201
81452265
81457110
81458614
81462899
81464807
81465654
81484765
81499955
81506370
81519509
81521843
81535932
81537061
81542720
81554408
81560264
81564544
81575401
81596116
81599229
81605889
81613886
81622621
81633191
81638465
81647620
81673029
81681153
81685861
81687311
81693220
81749139
81749416
81763676
81767687
81769210
81782682
81788040
81792747
81794757
81802522
81806881
81830411
81837965
81848062
81857752
81864832
81892035
81894064
81899914
81901401
81909508
81942149
81950606
81961094
81977702
81984850
82008176
82009403
82010392
82016629
82043200
82043262
82065731
82073854
82075113
82088328
82099541
82116843
82120554
82163239
82166935
82171002
82182595
82183527
82194589
82200125
82205745
82244133
82252384
82252690
82254290
82256317
82281243
82281417
82282067
82284411
82293713
82293880
82299166
82311745
82317062
82317528
82319897
82328990
82330930
82334306
82336295
82339547
82346708
82351856
82352341
82357909
82375147
82380792
82383182
82394059
82395116
82397953
82427983
82440131
82453321
82461817
82473469
82474985
82492689
82499110
82513554
82514289
82539870
82540718
82550248
82552900
82554089
82557683
82560429
82576761
82577191
82586415
82596346
82613198
82620406
82626129
82629725
82630957
82637176
82643046
82653771
82665580
82669409
82678736
82683535
82687752
82698464
82698785
82702681
82724605
82731285
82734902
82735099
82765780
82766528
82768918
82776626
82798075
82798133
82803156
82805824
82819133
82832156
82860308
82860715
82864329
82870983
82878694
82882547
82884568
82888290
82921929
82923784
82924673
82925697
82926813
82929435
82929978
82930110
82965169
82971411
82971864
82975052
82985417
82998630
83009478
83018036
83018662
83027464
83058159
83067741
83103964
83112495
83113740
83122665
83124374
83132413
83146191
83157004
83157392
83164769
83166794
83174397
83183368
83195131
83227305
83228496
83233867
83249182
83253223
83258683
83261873
83271064
83287363
83294271
83332117
83351806
83355274
83385175
83414973
83427805
83434762
83440450
83444271
83446706
83477775
83515126
83516382
83522224
83526738
83527132
83527713
83547764
83563044
83583317
83584578
83585152
83590432
83592313
83596375
83611082
83612571
83620216
83623918
83626012
83629158
83647022
83654588
83682164
83694284
83709445
83715058
83719183
83728290
83740310
83747547
83753328
83756858
83769042
83779052
83802154
83821725
83822640
83825595
83845028
83853763
83859042
83881531
83882524
83885907
83916074
83917796
83943209
83953091
83989467
83990604
84055938
84058781
84061836
84068065
84073242
84079351
84081446
84121683
84125184
84144367
84144799
84150136
84166842
84189045
84193837
84203079
84209990
84211270
84214924
84215089
84223951
84224544
84249867
84251548
84251695
84255996
84274680
84276017
84277569
84281260
84291701
84301448
84306597
84308098
84329793
84339891
84347180
84348219
84374966
84382668
84410247
84413141
84443245
84468281
84491010
84503473
84529486
84581223
84605770
84611715
84622170
84624729
84628518
84637462
84653769
84660013
84687944
84714783
84719825
84722491
84726669
84733410
84735704
84738065
84742229
84758202
84767276
84774514
84778982
84782002
84784612
84798723
84849139
84868962
84891994
84892521
84897957
84920462
84938786
84976781
84983745
84991023
84999611
85009478
85010288
85012867
85016634
85025691
85027988
85035667
85036604
85044279
85060074
85073264
85087813
85092399
85101205
85118405
85122658
85130428
85138081
85143551
85144610
85147647
85159395
85163618
85165513
85170952
85176064
85176664
85202884
85204940
85212981
85217185
85229842
85231612
85234052
85262708
85266854
85271366
85283128
85305852
85310332
85317143
85330678
85337048
85340697
85340888
85363419
85371889
85385187
85391481
85398583
85407004
85441693
85450969
85475617
85488889
85492423
85496220
85504825
85504883
85509289
85514695
85518239
85520514
85546232
85561839
85590625
85598087
85623798
85626244
85633518
85637641
85645676
85658143
85663925
85687608
85713691
85725789
85733159
85745185
85770397
85773449
85786822
85791660
85797000
85798259
85809462
85814791
85822363
85823277
85833625
85834432
85839755
85851038
85885117
85887732
85894032
85896909
85902834
85912761
85917879
85923588
85929677
85931342
85956652
85960147
86003517
86010224
86010433
86014095
86014762
86016248
86021747
86038729
86053982
86056099
86081476
86087710
86108772
86112068
86122851
86135271
86141822
86151515
86171312
86178897
86183997
86199062
86214277
86222309
86222937
86226650
86231590
86233095
86239013
86239034
86239503
86295535
86297603
86304557
86307617
86318013
86319608
86323591
86332058
86343292
86353222
86360818
86372379
86399818
86405096
86405207
86414956
86422238
86435781
86462188
86466537
86481315
86488185
86492902
86514150
86515262
86521053
86522251
86526996
86532453
86537920
86548722
86549443
86563360
86584243
86600211
86612388
86647417
86663651
86664343
86675665
86683661
86702045
86702294
86710826
86713979
86747907
86758066
86762179
86771463
86781908
86782302
86800105
86826570
86833383
86855834
86856718
86889709
86890173
86892240
86894525
86909187
86909569
86932702
86945842
86961959
86967555
86975516
86987298
86995812
87004982
87015855
87041824
87045522
87059814
87064752
87068952
87123058
87134850
87147538
87149273
87149902
87166901
87180397
87194534
87197971
87201611
87211147
87224698
87229558
87252008
87260132
87292339
87294582
87301272
87309677
87327970
87330405
87340000
87341272
87361719
87372959
87397484
87400472
87401441
87414828
87433305
87446554
87453991
87462343
87472493
87481538
87494401
87497735
87500969
87515622
87523938
87527228
87529183
87553203
87566043
87570829
87572007
87580146
87603829
87635049
87641649
87642206
87652949
87660988
87664649
87669824
87690384
87698705
87700717
87704835
87714186
87716892
87719165
87732455
87734264
87735828
87742631
87749260
87757116
87762701
87767289
87779084
87779334
87784453
87790087
87808522
87811164
87813067
87814606
87818543
87858254
87866111
87882527
87892435
87907429
87912826
87918116
87928553
87929106
87933828
87936466
87953257
87961057
87963319
87964406
87967927
87969321
87972585
87985798
88013896
88029105
88058716
88068971
88075215
88088296
88094454
88096136
88105260
88109510
88110189
88112269
88113304
88137014
88145457
88147846
88149942
88153668
88176688
88180414
88187322
88193354
88197209
88199938
88202955
88211394
88220316
88222692
88227732
88243942
88253725
88258230
88279727
88283248
88305492
88317462
88318262
88321525
88330747
88332176
88333146
88363555
88364043
88399032
88402523
88409342
88413733
88424662
88426074
88435082
88483805
88505751
88507415
88525150
88529720
88530548
88546955
88596620
88597030
88599392
88604532
88606666
88637369
88637980
88648237
88666279
88685737
88687787
88691515
88701162
88702601
88720985
88730362
88731569
88736222
88736598
88754741
88763078
88782163
88816521
88828276
88834586
88837154
88852693
88868755
88870585
88899946
88907044
88954046
88964398
88971032
88987093
88990028
88990861
89000015
89000015
89019316
89021197
89030848
89031861
89047127
89052096
89052228
89060668
89077298
89093269
89113057
89132909
89142981
89145038
89159552
89165097
89168304
89178796
89233565
89251226
89257745
89300292
89305760
89306556
89306927
89315561
89326637
89352997
89364217
89370290
89388020
89398203
89427155
89428522
89474593
89497719
89502695
89506900
89520668
89532356
89533207
89533547
89552336
89568196
89576873
89582216
89583705
89585873
89588844
89591254
89592778
89597348
89609232
89616522
89621136
89623181
89623818
89634843
89647277
89651637
89656066
89665307
89665966
89669561
89670322
89691829
89712174
89712334
89738136
89747047
89750072
89751690
89766410
89768127
89795734
89805308
89815777
89830752
89839662
89844303
89844541
89869375
89878387
89885503
89896980
89900897
89900965
89905788
89917917
89920845
89930962
89936657
90001185
90026312
90031152
90034231
90065460
90066095
90069083
90094279
90103694
90110851
90119629
90120282
90131925
90136209
90160827
90165105
90184708
90206818
90219805
90240062
90243760
90252997
90261965
90264347
90281534
90293152
90300832
90309648
90312567
90321637
90323565
90332861
90347386
90360218
90369451
90402174
90404791
90415105
90445619
90464425
90470089
90480202
90492523
90511505
90515270
90518476
90520849
90529346
90541377
90546187
90588524
90593505
90594740
90615057
90633766
90644712
90647324
90650260
90657354
90663822
90687249
90687321
90716579
90726916
90727081
90733296
90757157
90760345
90761430
90766087
90785762
90795768
90799106
90800918
90813486
90817535
90818371
90838390
90844388
90861920
90874891
90875397
90876066
90894312
90900722
90964370
90975686
90990012
90991655
90993962
91016461
91016822
91019360
91019574
91021933
91040413
91044671
91052451
91069450
91073162
91078335
91087028
91094841
91107347
91113209
91123832
91124912
91138107
91155212
91166058
91171122
91182938
91196219
91224298
91224908
91236687
91238220
91261610
91270060
91286090
91290454
91294440
91297026
91302976
91316702
91334993
91335281
91345976
91347227
91348287
91361673
91366476
91385971
91390152
91392413
91421412
91422067
91444288
91445206
91450201
91453206
91479546
91479775
91493023
91494017
91503658
91534866
91536097
91545913
91548595
91568293
91577965
91592719
91594294
91604886
91630414
91639876
91641114
91647443
91664598
91664718
91673315
91675346
91686115
91706664
91711375
91714161
91718888
91732320
91735379
91760219
91775355
91785868
91789157
91793050
91834839
91835040
91835960
91837095
91839611
91848472
91855233
91855919
91860034
91866261
91866752
91872579
91880255
91890730
91912502
91940979
91951396
91967247
91970393
91973547
91974075
91975813
91980014
91999422
92006323
92010502
92031052
92032478
92046088
92065871
92068003
92075387
92080536
92102126
92105690
92113555
92152364
92163871
92173841
92180062
92183060
92183749
92191462
92192420
92210398
92210825
92237329
92238158
92240186
92244542
92247996
92252394
92261591
92271000
92276412
92291780
92308757
92321775
92330829
92331503
92337596
92338902
92340916
92358057
92370011
92388016
92390774
92398914
92415491
92415557
92425885
92433835
92474056
92478680
92482788
92498960
92505858
92517904
92523714
92532823
92536942
92546424
92559051
92578417
92579365
92586902
92598540
92609553
92612224
92620711
92623856
92652174
92665238
92677431
92685127
92693604
92707698
92708729
92711200
92712173
92714038
92720356
92720808
92721257
92722876
92736111
92740575
92742676
92747612
92749238
92772005
92787858
92790083
92791629
92825502
92871981
92877019
92932730
92943875
92953924
92963485
92971069
92978496
92992192
93008212
93010205
93043483
93044917
93054954
93070042
93080082
93112632
93126949
93138590
93164040
93188256
93201968
93213697
93233949
93243450
93252243
93253400
93255673
93260763
93263765
93268781
93273166
93308929
93313688
93319262
93332173
93336375
93341148
93342336
93344943
93348449
93350409
93361640
93387447
93415364
93419581
93443083
93450758
93462418
93478744
93486905
93500842
93514751
93524687
93527362
93541345
93546916
93547706
93551455
93554701
93557185
93560489
93561954
93574281
93614946
93626303
93634670
93642990
93671177
93690621
93696536
93713232
93715571
93719878
93723718
93753145
93755171
93765669
93768127
93770395
93772130
93791477
93791887
93794347
93798976
93805546
93813642
93826360
93834702
93835078
93837371
93839379
93856170
93867117
93883618
93894331
93895224
93895393
93899340
93913023
93921127
93957120
93963591
93986050
94007909
94022011
94039022
94051120
94064579
94086806
94090165
94093186
94110322
94120226
94129478
94151883
94167567
94173647
94181878
94190810
94195615
94201727
94208362
94228754
94234519
94234587
94241003
94251562
94254070
94257639
94266491
94269776
94280439
94314688
94315005
94352290
94353629
94360650
94380236
94382471
94393557
94406029
94408607
94413860
94420762
94423008
94437887
94466787
94467016
94468840
94495322
94500086
94501323
94507753
94509195
94510490
94540307
94555636
94578025
94600732
94629102
94632630
94639771
94664936
94681764
94682416
94685376
94720437
94722785
94725825
94742837
94753008
94758124
94773393
94774821
94777993
94789080
94808328
94823962
94839265
94859133
94864853
94869844
94890469
94892135
94895394
94910657
94910761
94911993
94918708
94920399
94922850
94953070
94955875
94964355
94983313
95001194
95012827
95020502
95035617
95038638
95044166
95046203
95060257
95060806
95076441
95096279
95097578
95097832
95102495
95128368
95129471
95137119
95140716
95153924
95167726
95179956
95195055
95215858
95220753
95228820
95235668
95247880
95252419
95277563
95282203
95311691
95312277
95312562
95323667
95351312
95361096
95361177
95365573
95380190
95380896
95391530
95391858
95393732
95413179
95438014
95449024
95470716
95477233
95483902
95489443
95498620
95499928
95526406
95530244
95543494
95546724
95549112
95563241
95573651
95586007
95593138
95596881
95612387
95616138
95629042
95630908
95662316
95673919
95689670
95694798
95696920
95699779
95720225
95720925
95748195
95752075
95758961
95761017
95773808
95776124
95797784
95808704
95823054
95826647
95853589
95860779
95864091
95878259
95884027
95890394
95891176
95914459
95924346
95925490
95934639
95946197
95974990
95980171
95991822
95993561
95999124
96021650
96037900
96059455
96070874
96077044
96098762
96103908
96116268
96119491
96122947
96124638
96124829
96129178
96143725
96148894
96155361
96184503
96194529
96218004
96233143
96256232
96262386
96275905
96289406
96312500
96314773
96321319
96324161
96331047
96335014
96336135
96362067
96362385
96365740
96367999
96377615
96393778
96407530
96411609
96433908
96446246
96465882
96471739
96475993
96488194
96501176
96502673
96502961
96522378
96534100
96538529
96540776
96542395
96542575
96545679
96545785
96547987
96548481
96557296
96557444
96564885
96569908
96574249
96584688
96599819
96610039
96615885
96623106
96626075
96648634
96649978
96666535
96667873
96703461
96710016
96714141
96717239
96739250
96744899
96752748
96757327
96757862
96762403
96765353
96775669
96778592
96779136
96797199
96838662
96859613
96863849
96869541
96881061
96892709
96900107
96904090
96917832
96922735
96932646
96944641
96953258
96956108
96959085
96959366
96991865
97004497
97038237
97039738
97039984
97044472
97052541
97059793
97061041
97088722
97090405
97093029
97107867
97123998
97124561
97128468
97129146
97144532
97145931
97149137
97156578
97163020
97165750
97166941
97170005
97176284
97180936
97182343
97184855
97198002
97199365
97202858
97208259
97234781
97242582
97277896
97279370
97279441
97293038
97300192
97325976
97335317
97336568
97337166
97341840
97344999
97345059
97362232
97365088
97376437
97376533
97380770
97400670
97411614
97430031
97452121
97460604
97462210
97490903
97494450
97498543
97512058
97525471
97531005
97550594
97550949
97556664
97563775
97574173
97604285
97604933
97606861
97610712
97622222
97644185
97650701
97653885
97656085
97658278
97711353
97719814
97722014
97732772
97740524
97747095
97768097
97780809
97780985
97788234
97850269
97853385
97858062
97899653
97901706
97906662
97910326
97921906
97931741
97934516
97955240
97968933
97977853
97983394
98018559
98026978
98046940
98048127
98056165
98076038
98096863
98097511
98101379
98116386
98126601
98129527
98168271
98205664
98206099
98207770
98221582
98247338
98257383
98258774
98263347
98267411
98267518
98268382
98276562
98278609
98282904
98287852
98298585
98304133
98309972
98332273
98340665
98341887
98345450
98366863
98378709
98378786
98397011
98397519
98436424
98477841
98479616
98480249
98489655
98495147
98502262
98515238
98533468
98555514
98555879
98559871
98566022
98591402
98594556
98598055
98605804
98641536
98648455
98663392
98683714
98689452
98692962
98704203
98709265
98719541
98760356
98763333
98783791
98806618
98806682
98819547
98835358
98846506
98855945
98861368
98869253
98870558
98884145
98889850
98899735
98904806
98908349
98908540
98908727
98911269
98953143
98960769
98976830
98978920
98981480
98983251
98987562
98988289
99013749
99015972
99026145
99034515
99049631
99065573
99092247
99117556
99135814
99137620
99149646
99151743
99152554
99157096
99162807
99171542
99182468
99182778
99201829
99210877
99217371
99218527
99225756
99231161
99233211
99237937
99244216
99246596
99256647
99258666
99261222
99265821
99271160
99275198
99277316
99282824
99297258
99309175
99336153
99340398
99351578
99353385
99370023
99384993
99392820
99398544
99413982
99415706
99427556
99457948
99458328
99497195
99509614
99515640
99518876
99519122
99519883
99523680
99530868
99540540
99553967
99558023
99558076
99572846
99576874
99577362
99590202
99615939
99619624
99619872
99631966
99635139
99651167
99652111
99663208
99670132
99670462
99682993
99686691
99688927
99725931
99743966
99747278
99761971
99771958
99772048
99782220
99818276
99822443
99826748
99838173
99842201
99867384
99870177
99870934
99895041
99909106
99909331
99942390
99943681
99947965
99954347
99959579
99964455
99968859
99994110
99994128
